block2 = [1	1.870533463	2.390675089	3.097986028	1.748218339	2.112226551	2.602978835	1.848751419	1.781981503	2.065691712	0.122315124	0.278448538	0.495007192	0.021782043	0.608693586	1.032294316
2	1.575759243	2.079497704	2.485929646	1.805659485	1.761191879	2.130174672	1.771408507	2.089831025	2.666170404	-0.229900242	0.318305825	0.355754974	-0.195649264	-0.010333321	-0.180240758
3	2.080668707	3.15680289	3.88288381	2.447267942	2.733806756	5.11083257	2.415987836	3.616722296	2.909658566	-0.366599235	0.422996134	-1.22794876	-0.335319129	-0.459919406	0.973225245
4	2.107748055	3.034834877	4.2646377	2.032466996	2.386492548	4.096674	2.136967851	2.465939683	3.463229801	0.075281059	0.648342329	0.167963701	-0.029219797	0.568895195	0.8014079
5	2.025081217	2.194184877	3.287772879	1.885299566	2.02048077	3.150937176	1.84752869	2.159141026	2.964636865	0.13978165	0.173704107	0.136835703	0.177552526	0.035043851	0.323136014
6	2.288493853	2.955489664	3.6479739	2.198975937	2.504310367	3.777422379	2.309678831	2.630001679	3.042789765	0.089517916	0.451179297	-0.129448479	-0.021184979	0.325487986	0.605184135
7	1.766014	2.134898526	2.237727823	1.614609695	1.823961615	2.395332125	1.675651059	1.942749098	2.325312865	0.151404305	0.310936912	-0.157604302	0.090362941	0.192149428	-0.087585042
8	1.87568794	2.376314121	3.085791678	1.704452543	2.01865996	2.837880355	1.997096962	2.11435157	2.939899681	0.171235397	0.357654162	0.247911323	-0.121409023	0.261962552	0.145891997
9	1.782736863	2.264176062	3.813396965	1.859957403	2.025899766	3.155652579	1.776309481	2.361167695	3.024541932	-0.07722054	0.238276296	0.657744386	0.006427382	-0.096991633	0.788855033
10	1.680682263	1.822399418	3.046656924	1.686304351	2.091532732	2.526962691	1.734503193	2.104920721	2.112179958	-0.005622089	-0.269133315	0.519694233	-0.053820931	-0.282521303	0.934476966
11	1.881010083	2.563658337	3.687356578	1.987850907	2.308488019	3.130579901	1.967590693	2.805123092	2.507050808	-0.106840824	0.255170318	0.556776678	-0.08658061	-0.241464756	1.18030577
12	1.53943163	1.958155692	2.855223363	1.660933958	2.276879417	3.071733634	1.635947439	1.736073566	2.370159191	-0.121502328	-0.318723725	-0.216510271	-0.096515809	0.222082126	0.485064172
13	1.702756894	1.797443348	2.323859789	1.787469922	1.751134815	2.281466555	1.443939354	1.778720833	3.008750155	-0.084713029	0.046308533	0.042393234	0.25881754	0.018722515	-0.684890367
14	1.802471497	2.154950327	2.616988831	1.928980248	1.991364179	2.46100709	1.786654942	2.019607645	2.237036496	-0.126508752	0.163586148	0.155981742	0.015816555	0.135342682	0.379952335
15	1.682515786	1.993809408	3.16438518	1.760982173	1.826496165	2.599667698	1.816537767	1.912457827	1.948565671	-0.078466387	0.167313244	0.564717482	-0.134021982	0.081351581	1.215819509
16	1.475038713	1.674830635	2.588086589	1.620521018	1.779817704	3.022510074	1.545894521	1.991846443	2.467408661	-0.145482305	-0.104987069	-0.434423484	-0.070855808	-0.317015809	0.120677929
17	2.043207365	2.291870686	3.163483286	1.844885698	2.661549756	2.724271078	2.150658897	2.042027552	2.001895506	0.198321667	-0.36967907	0.439212207	-0.107451532	0.249843133	1.161587779
18	1.759980391	2.165912542	2.684944795	1.66133207	1.864275535	2.156720307	1.671848219	1.802450717	2.582232679	0.098648321	0.301637006	0.528224489	0.088132172	0.363461825	0.102712116
19	1.511342402	1.630424001	2.118346726	1.656376677	1.747044545	2.282708189	1.424778496	1.599275718	2.473405268	-0.145034275	-0.116620544	-0.164361463	0.086563906	0.031148283	-0.355058542
20	1.755277796	2.636655256	3.181372904	1.772230812	2.058812671	3.574948398	1.715802711	2.195696264	2.972263611	-0.016953016	0.577842585	-0.393575494	0.039475085	0.440958992	0.209109292
21	2.080344805	2.380328246	2.793136082	1.944242309	2.46223534	3.295917133	1.926501281	2.387827544	3.142202007	0.136102496	-0.081907094	-0.502781052	0.153843523	-0.007499298	-0.349065926
22	1.748257701	2.0165105	2.775931073	1.825656886	2.156485854	2.990907068	1.855971876	1.934640013	2.547549359	-0.077399185	-0.139975354	-0.214975995	-0.107714175	0.081870487	0.228381714
23	1.945581234	2.387288625	2.760705379	2.112778643	2.061018819	2.655861324	2.030998458	2.060418534	3.679663211	-0.167197409	0.326269806	0.104844056	-0.085417224	0.326870091	-0.918957831
24	2.315196265	2.411958627	3.805068143	2.230748183	2.799958412	3.812950875	1.92717632	2.79286695	3.477350433	0.084448082	-0.387999784	-0.007882732	0.388019945	-0.380908323	0.32771771
25	1.832912465	2.201627993	2.847066793	1.971289219	2.139560709	2.48257814	1.727909688	2.017738864	2.217101249	-0.138376754	0.062067284	0.364488653	0.105002778	0.183889129	0.629965544
26	1.90923124	2.542883236	3.718038876	1.91265048	2.482979146	3.30879003	2.068560625	2.963711792	3.47873399	-0.00341924	0.05990409	0.409248846	-0.159329386	-0.420828556	0.239304885
27	1.749600505	2.141786216	3.14054738	1.81046522	2.186562492	2.530239601	1.74276001	1.856909087	2.182359592	-0.060864714	-0.044776276	0.61030778	0.006840496	0.284877129	0.958187789
28	2.545851759	4.258725182	5.241110742	2.248821811	3.29647614	5.878389481	2.376959831	3.150302034	4.728462768	0.297029947	0.962249041	-0.637278738	0.168891928	1.108423147	0.512647974
29	1.783975382	2.356744151	3.019846907	1.637278761	1.939466878	2.550142827	1.659318301	2.029752741	2.761110076	0.14669662	0.417277274	0.46970408	0.124657081	0.32699141	0.258736831
30	1.840911559	2.279957358	3.014068895	1.638488658	1.968875356	2.648750172	1.69753002	1.925558326	2.368589527	0.202422901	0.311082002	0.365318723	0.143381539	0.354399032	0.645479368
31	1.757604984	2.073682068	2.610180925	1.493717883	1.811207413	3.066225771	1.589151166	1.89157733	2.181009346	0.263887101	0.262474655	-0.456044846	0.168453818	0.182104738	0.429171579
32	1.900781997	2.533189168	3.011571283	1.61159427	2.068947367	3.099577003	1.593431445	2.113127578	2.483889128	0.289187726	0.464241801	-0.08800572	0.307350552	0.420061589	0.527682154
33	2.234329179	2.649739893	3.398032815	1.773566569	2.112380807	3.158831101	2.177297462	2.717088741	3.004676344	0.46076261	0.537359087	0.239201715	0.057031717	-0.067348848	0.393356471
34	2.493832863	3.550620124	4.296356133	3.116795826	3.530457285	5.978526945	3.847143014	4.160842683	4.246205769	-0.622962963	0.02016284	-1.682170812	-1.353310151	-0.610222558	0.050150363
35	1.755315853	1.922824168	3.160357843	1.730600784	2.271979523	3.366898172	1.689022873	2.290936601	3.004982898	0.024715069	-0.349155355	-0.206540329	0.06629298	-0.368112432	0.155374945
36	1.846134934	2.12598464	2.397105724	1.817316367	2.228237828	2.194507799	1.927274317	2.025856406	2.348976995	0.028818567	-0.102253189	0.202597925	-0.081139382	0.100128234	0.048128728];