block5 = [1	1.817526321	2.137605237	2.750180591	2.228817091	1.88980168	2.801756319	1.695130552	1.973805322	2.778845526	-0.41129077	0.247803557	-0.051575728	0.122395769	0.163799915	-0.028664935
2	1.565016752	2.06684857	2.628703109	1.661514519	1.670331269	2.468772498	1.73660868	1.897355553	2.029647802	-0.096497767	0.396517302	0.159930611	-0.171591928	0.169493017	0.599055307
3	1.706691541	2.369017114	5.207841031	2.061848354	2.484313843	3.41209028	1.964296778	3.085833464	4.406519393	-0.355156813	-0.11529673	1.79575075	-0.257605237	-0.716816351	0.801321638
4	1.866422068	2.65805279	4.146807164	1.873107884	2.26541682	3.338993114	1.936083959	2.232033667	2.982726724	-0.006685816	0.39263597	0.80781405	-0.069661891	0.426019123	1.164080439
5	1.775175046	1.963476509	2.604054106	1.8299934	2.254589684	3.172383426	1.669260446	2.204659071	2.310325355	-0.054818354	-0.291113176	-0.56832932	0.105914599	-0.241182563	0.293728751
6	2.365032239	2.58295889	4.271695971	2.216517574	2.771256726	4.282645111	2.534523492	2.988830715	3.152086191	0.148514665	-0.188297836	-0.01094914	-0.169491253	-0.405871825	1.119609781
7	1.547252714	2.122358879	2.330979614	1.728709877	1.832050285	2.554988933	1.629395034	1.765391056	1.664515231	-0.181457163	0.290308594	-0.224009319	-0.08214232	0.356967823	0.666464383
8	1.944937246	2.18424433	4.126426615	2.106841363	2.501772331	2.847693507	2.104730686	2.084478086	2.609094543	-0.161904117	-0.317528001	1.278733109	-0.15979344	0.099766244	1.517332073
9	1.814508354	1.869458858	2.406737532	1.545622602	1.934271811	2.831589719	1.58698662	1.805180273	2.129670284	0.268885752	-0.064812953	-0.424852187	0.227521734	0.064278585	0.277067248
10	1.471191934	1.919666888	2.23938355	1.426878192	1.50646996	2.263568334	1.264258359	1.626026678	1.818626217	0.044313742	0.413196928	-0.024184784	0.206933575	0.293640209	0.420757333
11	1.697918837	2.562085012	3.700535622	1.78539316	1.973140161	3.219950241	1.931041971	1.914924492	2.94549844	-0.087474323	0.588944851	0.480585381	-0.233123134	0.64716052	0.755037182
12	1.661161604	2.062868546	3.203277531	1.877471504	1.872600858	4.925586178	1.661585881	1.717895935	2.385134506	-0.2163099	0.190267688	-1.722308647	-0.000424278	0.344972611	0.818143025
13	1.7178546	1.983125641	2.478449485	1.654990579	2.007953703	2.369749061	1.529337298	1.734438428	2.404379083	0.062864021	-0.024828061	0.108700424	0.188517302	0.248687213	0.074070402
14	1.768630822	1.785464404	2.871295786	1.751944381	2.169902641	2.890077655	1.546911835	1.989884463	2.162422757	0.016686441	-0.384438236	-0.018781869	0.221718987	-0.204420059	0.708873029
15	1.652443392	2.231977064	2.68043771	1.447988514	1.93462723	2.809058931	1.516498651	1.692386467	1.753925477	0.204454878	0.297349833	-0.128621222	0.135944741	0.539590597	0.926512233
16	1.682868029	1.696111971	2.338845683	1.609005995	1.772647319	2.42566723	1.477248267	1.753211512	2.050555694	0.073862034	-0.076535348	-0.086821547	0.205619762	-0.057099541	0.288289989
17	1.741684614	2.147099221	2.122934723	1.763047887	2.126853461	2.557778525	1.771576909	2.231259181	2.055569369	-0.021363273	0.02024576	-0.434843802	-0.029892295	-0.08415996	0.067365354
18	1.774992159	1.938967965	2.065804016	1.578101703	1.762670291	2.437953064	1.600546483	2.130054191	2.134007194	0.196890457	0.176297674	-0.372149049	0.174445676	-0.191086226	-0.068203178
19	1.39886341	1.537007793	2.244552311	1.702016068	1.481748311	1.960819104	1.489766363	2.104293956	2.35372501	-0.303152658	0.055259482	0.283733207	-0.090902953	-0.567286163	-0.109172699
20	1.672797521	2.275954434	2.834336703	1.508202729	2.249550022	2.861027632	1.647997171	2.163167339	2.667808436	0.164594792	0.026404412	-0.026690928	0.02480035	0.112787095	0.166528268
21	2.400848915	2.618463023	4.380625077	2.299297778	2.754124868	4.287147916	1.875588767	2.684159593	4.247668931	0.101551136	-0.135661845	0.093477161	0.525260148	-0.06569657	0.132956146
22	1.957481854	2.235967392	2.839912243	1.780152153	1.919506644	2.209842455	1.679354991	2.194632689	2.652697367	0.177329701	0.316460748	0.630069788	0.278126863	0.041334703	0.187214876
23	1.57968847	2.051275174	2.950078374	1.576917066	2.162752942	1.892797408	1.357881463	1.833353486	2.476469852	0.002771404	-0.111477769	1.057280966	0.221807007	0.217921688	0.473608522
24	2.506366678	2.870498027	4.832697726	2.197838442	3.127655147	3.70502189	2.182559079	3.604314388	3.706969732	0.308528236	-0.257157119	1.127675835	0.323807599	-0.733816361	1.125727994
25	2.506366678	2.870498027	4.832697726	2.197838442	3.127655147	3.70502189	2.182559079	3.604314388	3.706969732	0.308528236	-0.257157119	1.127675835	0.323807599	-0.733816361	1.125727994
26	1.829314055	2.287639655	3.023058149	1.903227559	2.27519546	2.360851406	1.802835299	1.910113387	2.957396031	-0.073913505	0.012444195	0.662206743	0.026478755	0.377526268	0.065662118
27	1.741230069	1.848822634	2.659514131	1.722708936	1.994723656	2.472691252	1.680613457	2.109844215	2.640052903	0.018521133	-0.145901022	0.186822878	0.060616612	-0.26102158	0.019461228
28	2.138226255	2.788909741	3.736198825	2.003551709	2.092602004	2.865796675	2.16616139	2.209063904	2.277109409	0.134674546	0.696307737	0.87040215	-0.027935135	0.579845837	1.459089416
29	1.618878344	1.804701065	2.126436466	1.548984273	1.715086605	2.524838043	1.800871035	1.803093507	2.497532146	0.069894072	0.08961446	-0.398401577	-0.181992691	0.001607557	-0.37109568
30	1.707402156	1.971894759	2.161417234	1.613132718	1.633354233	2.579638809	1.623961629	1.927956365	2.076251269	0.094269438	0.338540526	-0.418221575	0.083440527	0.043938394	0.085165966
31	1.624899536	2.166628766	2.641112191	1.79107786	2.063475847	2.20640671	1.723934043	2.0036608	2.660810016	-0.166178324	0.103152919	0.43470548	-0.099034507	0.162967966	-0.019697826
32	1.490900648	2.113638264	3.384491439	1.560091865	1.862127405	2.849903949	1.570664207	1.829549121	2.425233842	-0.069191217	0.251510859	0.53458749	-0.079763559	0.284089143	0.959257597
33	1.756510454	2.499008551	3.388933441	1.566354968	1.835504473	2.556015078	2.019587442	2.236645409	3.169978393	0.190155487	0.663504078	0.832918363	-0.263076987	0.262363142	0.218955047
34	1.967819644	3.019003559	3.538201019	2.12731889	2.378658203	3.453618	2.084592416	2.74779222	2.827347953	-0.159499246	0.640345356	0.084583019	-0.116772771	0.271211339	0.710853066
35	1.790977895	1.837732231	2.72553206	1.727496057	2.215529523	3.261349502	1.564793527	2.002120897	2.403198604	0.063481838	-0.377797292	-0.535817442	0.226184368	-0.164388667	0.322333457
36	1.776093822	1.912869289	2.546713542	1.789648332	1.93434159	2.364384273	1.73274524	1.976739246	2.533904743	-0.01355451	-0.021472302	0.182329269	0.043348582	-0.063869958	0.012808799];