block4 = [1	2.162169463	2.317718058	3.135377305	1.742443951	2.53751797	2.936490651	2.23966337	2.115197217	3.488972051	0.419725512	-0.219799912	0.198886654	-0.077493907	0.202520841	-0.353594746
2	1.708196451	1.928031484	4.071492565	1.586479441	1.782937953	2.503348141	1.500519299	2.27946886	2.410562637	0.12171701	0.145093531	1.568144424	0.207677151	-0.351437376	1.660929929
3	1.996374601	3.039100522	4.183503754	2.084287024	2.55039093	3.341888168	1.824724523	2.66804733	3.513155355	-0.087912422	0.488709592	0.841615586	0.171650079	0.371053192	0.670348399
4	2.084608787	2.207157039	3.676520213	1.836403337	2.599074989	3.226775657	1.965345597	2.238498573	3.460187607	0.24820545	-0.39191795	0.449744556	0.119263191	-0.031341535	0.216332605
5	2.069089669	2.23420329	3.399192344	1.845594293	2.061201148	2.637226358	1.812307461	2.26728245	1.813237785	0.223495375	0.173002142	0.761965986	0.256782207	-0.03307916	1.585954559
6	2.364188436	2.593243855	3.819878287	2.440017299	2.253278482	3.13011898	2.363530703	2.176371728	3.767458733	-0.075828863	0.339965373	0.689759307	0.000657733	0.416872127	0.052419554
7	2.074513258	2.348867676	3.175561193	1.705687554	2.417045857	2.779936612	1.843142991	2.058155876	2.565060055	0.368825704	-0.068178181	0.395624581	0.231370267	0.2907118	0.610501138
8	3.890665077	4.281804565	4.821216151	5.095649591	3.445465086	4.603557919	2.194105173	5.6636381	6.118701462	-1.204984513	0.83633948	0.217658232	1.696559904	-1.381833534	-1.297485311
9	1.936675855	2.124715348	2.714172998	1.677150856	2.184565755	2.728849178	1.535765273	1.92039089	2.754136992	0.259524999	-0.059850407	-0.01467618	0.400910581	0.204324458	-0.039963994
10	1.563500403	1.890959006	2.373250747	1.420761391	1.936299035	2.301211889	1.512956764	1.484669437	1.820452873	0.142739012	-0.04534003	0.072038857	0.050543639	0.406289569	0.552797874
11	1.895292913	2.14167922	2.714551256	1.9202515	2.325765423	3.054886228	1.831740467	1.9214584	2.718371358	-0.024958586	-0.184086203	-0.340334971	0.063552446	0.22022082	-0.003820101
12	1.39425955	1.850596593	3.002291527	1.71827004	2.100429524	2.605223135	1.623243815	1.875497809	2.827783076	-0.32401049	-0.249832931	0.397068393	-0.228984265	-0.024901216	0.174508451
13	1.629660355	1.845724581	2.411613719	1.740614264	2.005953065	2.276244614	1.589583304	1.788622906	2.598392776	-0.110953909	-0.160228484	0.135369105	0.040077051	0.057101675	-0.186779057
14	1.830574486	2.00888517	2.837020236	1.74539545	2.174007655	2.601209082	1.683755056	2.206656704	1.985401497	0.085179036	-0.165122485	0.235811154	0.14681943	-0.197771534	0.851618739
15	1.711554123	1.908734145	2.533650807	1.66881592	1.907620335	2.280270408	1.707198887	1.805803669	1.868971503	0.042738202	0.00111381	0.253380399	0.004355236	0.102930476	0.664679304
16	1.584263898	1.706276338	2.971729013	1.613593161	1.817663551	2.637966728	1.601158209	1.709430653	2.556660704	-0.029329263	-0.111387213	0.333762285	-0.016894311	-0.003154315	0.415068309
17	1.989042407	2.432341659	3.609864614	1.581274541	2.228967446	2.32357126	1.735794063	1.665428817	1.810796725	0.407767866	0.203374213	1.286293354	0.253248344	0.766912842	1.79906789
18	1.660861441	1.788976996	2.742217976	1.615965134	1.769765678	2.200511315	1.670811378	1.85569759	2.353045148	0.044896307	0.019211318	0.541706661	-0.009949937	-0.066720595	0.389172829
19	1.508790852	1.683755534	2.179899183	1.518216299	1.828211858	2.057404428	1.376770676	1.685496847	2.723536241	-0.009425447	-0.144456324	0.122494755	0.132020176	-0.001741314	-0.543637059
20	1.869881255	1.990078604	2.533417998	1.9867365	1.973264285	2.897869644	1.79981498	2.205293964	2.209354476	-0.116855244	0.01681432	-0.364451646	0.070066275	-0.21521536	0.324063523
21	2.597348379	3.230959927	3.673474093	2.191591899	2.92057888	3.970405201	2.463777488	2.717197129	3.469541658	0.405756481	0.310381047	-0.296931108	0.133570891	0.513762797	0.203932435
22	1.79453601	1.868933024	2.65183405	1.733319148	1.945871752	2.992740765	1.626306829	2.153615386	2.062450258	0.061216862	-0.076938728	-0.340906715	0.168229181	-0.284682362	0.589383791
23	1.666199218	2.160753617	4.6149618	1.505053181	2.077339414	2.976291079	1.514532321	2.122540178	2.483885885	0.161146037	0.083414203	1.638670721	0.151666897	0.038213438	2.131075915
24	2.041501556	2.65755034	3.917921324	2.481419761	2.448975745	4.750078841	2.035518797	3.074012175	3.776297267	-0.439918205	0.208574595	-0.832157517	0.005982759	-0.416461835	0.141624057
25	1.736846391	2.409760206	3.009898629	1.869187586	2.256985017	2.717192145	1.683767865	1.708016433	2.285237858	-0.132341194	0.152775189	0.292706484	0.053078526	0.701743773	0.724660771
26	1.997900222	2.31916144	3.244073887	1.957285275	2.177447941	3.1028778	1.93487589	2.341676833	3.274846189	0.040614947	0.141713499	0.141196088	0.063024331	-0.022515392	-0.030772302
27	1.671499098	2.014457733	2.211822877	1.727506771	2.169757003	2.435377813	1.627477421	2.006472318	2.51580916	-0.056007673	-0.155299271	-0.223554936	0.044021677	0.007985415	-0.303986284
28	2.300634406	3.099247062	3.868670982	2.226055116	2.593146432	4.30206611	2.148200184	2.860349366	3.763953436	0.07457929	0.50610063	-0.433395128	0.152434223	0.238897696	0.104717546
29	1.59882308	1.944956548	2.706522552	1.566788174	2.127411388	2.346758661	1.423440564	1.96595821	2.631953744	0.032034906	-0.182454839	0.359763892	0.175382516	-0.021001662	0.074568808
30	1.541508499	2.221068065	2.76833757	1.607107488	1.813169769	2.527213603	1.610452529	1.728717685	2.458231947	-0.06559899	0.407898296	0.241123967	-0.06894403	0.49235038	0.310105623
31	1.777861895	1.770028798	2.448462277	1.695791722	1.780827504	2.240644993	1.571650554	1.893653616	2.599407537	0.082070173	-0.010798706	0.207817285	0.206211341	-0.123624818	-0.150945259
32	1.687395799	2.286055121	2.471768917	1.785487202	2.353804089	2.999926778	1.74251038	1.975691714	2.771178665	-0.098091403	-0.067748968	-0.52815786	-0.055114581	0.310363407	-0.299409748
33	2.081615321	2.192528564	2.35679291	2.894762566	2.271278807	2.299269087	1.604736683	1.93364709	2.732659832	-0.813147245	-0.078750243	0.057523822	0.476878638	0.258881474	-0.375866922
34	2.853065004	3.647672364	4.177712239	2.684405122	3.202821179	4.956694121	2.538040949	2.841166881	4.172725224	0.168659882	0.444851185	-0.778981881	0.315024055	0.806505483	0.004987016
35	1.462058568	1.796168577	2.696952597	1.698627817	1.996162577	2.612207733	1.558448727	1.567180584	2.547199896	-0.236569249	-0.199994	0.084744864	-0.096390159	0.228987993	0.1497527
36	1.788060591	2.230427083	2.291997675	1.892488433	2.09413405	2.415879953	1.906218853	1.983251524	2.709462018	-0.104427842	0.136293033	-0.123882277	-0.118158262	0.247175559	-0.417464343];