index = [-0.22202663	0.307169827	0.19779834	0.021782043	0.608693586	1.032294316	-0.131387036	0.90284414	-0.034894471	-0.077493907	0.202520841	-0.353594746	0.122395769	0.163799915	-0.028664935
-0.261410726	0.292575794	-0.149072344	-0.195649264	-0.010333321	-0.180240758	-0.095430625	-0.072276051	0.803920286	0.207677151	-0.351437376	1.660929929	-0.171591928	0.169493017	0.599055307
0.397749799	1.01712684	1.664437844	-0.335319129	-0.459919406	0.973225245	-0.095316885	0.542697681	0.464279853	0.171650079	0.371053192	0.670348399	-0.257605237	-0.716816351	0.801321638
0.134091422	0.156499005	1.229663177	-0.029219797	0.568895195	0.8014079	-0.004918496	-0.237166668	0.324169252	0.119263191	-0.031341535	0.216332605	-0.069661891	0.426019123	1.164080439
0.39469962	-0.513021826	-1.141116553	0.177552526	0.035043851	0.323136014	-0.157435579	0.374182177	-0.003766906	0.256782207	-0.03307916	1.585954559	0.105914599	-0.241182563	0.293728751
-0.528018863	0.316351249	0.247005629	-0.021184979	0.325487986	0.605184135	-0.00010852	-0.34317466	0.099548571	0.000657733	0.416872127	0.052419554	-0.169491253	-0.405871825	1.119609781
0.082846614	0.157983227	-0.506144328	0.090362941	0.192149428	-0.087585042	-0.212055325	-0.07148371	0.281646006	0.231370267	0.2907118	0.610501138	-0.08214232	0.356967823	0.666464383
-0.144050089	0.328982529	0.289972406	-0.121409023	0.261962552	0.145891997	0.013325505	0.386415316	1.484910352	1.696559904	-1.381833534	-1.297485311	-0.15979344	0.099766244	1.517332073
0.313352183	0.030745704	0.60053108	0.006427382	-0.096991633	0.788855033	0.567309903	-0.239707727	1.289014905	0.400910581	0.204324458	-0.039963994	0.227521734	0.064278585	0.277067248
0.020334739	-0.221823541	0.948484228	-0.053820931	-0.282521303	0.934476966	-0.044646099	0.523504435	0.310406406	0.050543639	0.406289569	0.552797874	0.206933575	0.293640209	0.420757333
0.109385309	0.387827929	-0.328237944	-0.08658061	-0.241464756	1.18030577	-0.180680041	0.360473209	0.703528502	0.063552446	0.22022082	-0.003820101	-0.233123134	0.64716052	0.755037182
0.128391714	0.154741296	0.360267096	-0.096515809	0.222082126	0.485064172	-0.099774696	-0.289072074	0.155946206	-0.228984265	-0.024901216	0.174508451	-0.000424278	0.344972611	0.818143025
0.116405958	-0.126368531	-0.029542545	0.25881754	0.018722515	-0.684890367	-0.349846825	0.349394569	-0.433661145	0.040077051	0.057101675	-0.186779057	0.188517302	0.248687213	0.074070402
0.164013665	-0.350864248	-0.364014637	0.015816555	0.135342682	0.379952335	0.097627029	0.371134805	0.977797719	0.14681943	-0.197771534	0.851618739	0.221718987	-0.204420059	0.708873029
0.054440858	1.852517072	1.666752867	-0.134021982	0.081351581	1.215819509	0.072428593	0.085408767	0.6225365	0.004355236	0.102930476	0.664679304	0.135944741	0.539590597	0.926512233
0.319838024	-0.280844712	0.404172727	-0.070855808	-0.317015809	0.120677929	0.088949461	0.184019053	0.636638171	-0.016894311	-0.003154315	0.415068309	0.205619762	-0.057099541	0.288289989
0.489305786	0.939983085	1.221881256	-0.107451532	0.249843133	1.161587779	-0.135104774	0.089729866	0.280424289	0.253248344	0.766912842	1.79906789	-0.029892295	-0.08415996	0.067365354
-0.106601773	-0.069985779	0.208671817	0.088132172	0.363461825	0.102712116	0.147431497	0.083534069	0.73822255	-0.009949937	-0.066720595	0.389172829	0.174445676	-0.191086226	-0.068203178
0.063266563	-0.667616193	0.410390648	0.086563906	0.031148283	-0.355058542	-0.099053202	-0.333534818	-0.381098399	0.132020176	-0.001741314	-0.543637059	-0.090902953	-0.567286163	-0.109172699
0.327658585	-0.171945835	1.622889222	0.039475085	0.440958992	0.209109292	0.090516186	-0.241956862	-0.269191946	0.070066275	-0.21521536	0.324063523	0.02480035	0.112787095	0.166528268
0.234992179	-0.20207812	0.245767672	0.153843523	-0.007499298	-0.349065926	-0.02234571	0.782014134	-0.227013615	0.133570891	0.513762797	0.203932435	0.525260148	-0.06569657	0.132956146
-0.028935788	0.451661249	0.127646523	-0.107714175	0.081870487	0.228381714	0.203836123	0.165528872	0.612123634	0.168229181	-0.284682362	0.589383791	0.278126863	0.041334703	0.187214876
-0.580607731	0.297435611	-0.803384403	-0.085417224	0.326870091	-0.918957831	0.022248445	-0.305892562	0.427361354	0.151666897	0.038213438	2.131075915	0.221807007	0.217921688	0.473608522
-0.921128421	1.702141689	0.543157309	0.388019945	-0.380908323	0.32771771	0.164494148	-0.301285043	0.570063876	0.005982759	-0.416461835	0.141624057	0.323807599	-0.733816361	1.125727994
0.144146265	0.269924889	0.92046068	0.105002778	0.183889129	0.629965544	-0.033477765	0.242668661	0.439289772	0.053078526	0.701743773	0.724660771	0.323807599	-0.733816361	1.125727994
0.52289325	0.392259962	-0.828818319	-0.159329386	-0.420828556	0.239304885	-0.125205645	0.107196255	-0.802380381	0.063024331	-0.022515392	-0.030772302	0.026478755	0.377526268	0.065662118
0.148946585	1.347127753	0.458398043	0.006840496	0.284877129	0.958187789	-0.088067233	0.196428155	-0.051165841	0.044021677	0.007985415	-0.303986284	0.060616612	-0.26102158	0.019461228
0.750197329	-3.466788356	-1.460257741	0.168891928	1.108423147	0.512647974	0.045131695	0.864045946	0.401175388	0.152434223	0.238897696	0.104717546	-0.027935135	0.579845837	1.459089416
-0.294973763	-0.604036286	1.204866958	0.124657081	0.32699141	0.258736831	-0.042149913	0.104256857	-0.284456161	0.175382516	-0.021001662	0.074568808	-0.181992691	0.001607557	-0.37109568
0.019631244	0.507952393	0.736174969	0.143381539	0.354399032	0.645479368	0.094675832	-0.105065033	0.412004876	-0.06894403	0.49235038	0.310105623	0.083440527	0.043938394	0.085165966
-0.09687957	0.242596933	0.77661467	0.168453818	0.182104738	0.429171579	0.176569741	0.2589796	0.317733752	0.206211341	-0.123624818	-0.150945259	-0.099034507	0.162967966	-0.019697826
-0.455829419	-0.041913323	-0.524014009	0.307350552	0.420061589	0.527682154	0.132088359	0.525809161	0.597980198	-0.055114581	0.310363407	-0.299409748	-0.079763559	0.284089143	0.959257597
0.205401407	0.066966601	1.312413891	0.057031717	-0.067348848	0.393356471	0.458822122	1.11938553	-0.601382966	0.476878638	0.258881474	-0.375866922	-0.263076987	0.262363142	0.218955047
-1.039598759	0.341407963	0.866191456	-1.353310151	-0.610222558	0.050150363	1.448417062	1.675559213	0.610473826	0.315024055	0.806505483	0.004987016	-0.116772771	0.271211339	0.710853066
-0.081693712	-0.293048367	1.29724678	0.06629298	-0.368112432	0.155374945	-0.0132053	-0.026322447	-0.275909199	-0.096390159	0.228987993	0.1497527	0.226184368	-0.164388667	0.322333457
-0.103641373	-0.173728889	0.15408732	-0.081139382	0.100128234	0.048128728	0.063553887	-0.047726906	0.545497174	-0.118158262	0.247175559	-0.417464343	0.043348582	-0.063869958	0.012808799];