accumulation = [2.023350519	2.872299968	3.506370153	1.647826849	2.367983917	2.815718332	2.245377149	2.56513014	3.308571813	0.375523671	0.504316051	0.690651821	-0.22202663	0.307169827	0.19779834	1.946941991	2.631487528	3.29143114	1.695380712	2.089366357	2.709348584	2.047064284	2.173555822	2.687131763	0.251561279	0.542121171	0.582082556	-0.100122293	0.457931707	0.604299377	1.872132676	2.756284708	3.152274958	1.743845874	2.183751134	2.702287528	2.059624549	2.150048857	2.765678737	0.128286802	0.572533574	0.449987431	-0.187491872	0.606235851	0.386596222	1.946501083	2.65507702	3.147942227	1.743476947	2.274460579	2.760838308	2.037151283	2.141335947	2.807306967	0.203024136	0.380616441	0.387103918	-0.0906502	0.513741073	0.34063526	1.920179703	2.494148213	3.080238119	1.804962592	2.202337036	2.769021911	1.967351134	2.107829822	2.8013775	0.115217111	0.291811177	0.311216208		-0.047171431	0.386318391	0.278860618
1.900055355	2.768197088	3.069837336	2.01004661	2.558733693	3.025253827	2.161466082	2.475621293	3.21890968	-0.109991255	0.209463394	0.044583509	-0.261410726	0.292575794	-0.149072344	1.65695839	2.405723728	2.829404758	1.907853048	2.115654907	2.57771425	1.847125849	2.292878535	2.942540042	-0.250894657	0.29006882	0.251690508	-0.190167458	0.112845193	-0.113135284	1.679889114	2.256078478	2.882765863	1.745644662	2.021154891	2.605108316	1.836667428	2.196174482	2.70577758	-0.065755548	0.234923587	0.277657547	-0.156778314	0.059903997	0.176988283	1.687147406	2.183179146	2.813871642	1.710274613	1.904606986	2.581848847	1.745816583	2.217532015	2.63008144	-0.023127207	0.27857216	0.232022795	-0.058669177	-0.034352868	0.183790202	1.662222782	2.157889891	2.77599626	1.699674593	1.854761089	2.558719594	1.743857455	2.15218988	2.507543963	-0.03745181	0.303128802	0.217276666		-0.081634672	0.005700011	0.268452297
3.498328168	6.230336174	10.52280867	3.816382573	6.363073184	10.90817491	3.100578369	5.213209334	8.858370821	-0.318054404	-0.132737009	-0.385366241	0.397749799	1.01712684	1.664437844	2.789498438	4.693569532	6.036916866	3.131825257	4.54843997	7.856942098	2.758283102	3.944989242	5.727469634	-0.34232682	0.145129562	-1.820025232	0.031215335	0.74858029	0.309447232	2.405976756	4.067746365	5.674154068	2.633083009	3.593067797	6.572899287	2.526938414	3.368579969	4.944496549	-0.227106254	0.474678568	-0.898745219	-0.120961658	0.699166396	0.729657519	2.300950562	3.810584904	5.291936039	2.49236609	3.325714754	5.443654223	2.289219886	3.188956215	4.567827814	-0.191415528	0.48487015	-0.151718183	0.011730676	0.621628689	0.724108225	2.179673211	3.399763691	5.274773793	2.404505327	3.154000282	5.020411735	2.222909048	3.167910756	4.534221893	-0.224832116	0.245763409	0.254362058		-0.043235837	0.231852935	0.740551899
2.38144732	3.156687099	5.038204265	2.983899893	3.561317316	5.844832688	2.247355898	3.000188094	3.808541088	-0.602452574	-0.404630217	-0.806628423	0.134091422	0.156499005	1.229663177	2.251800299	3.098967626	4.608445063	2.344818827	2.973904932	4.816504048	2.192161875	2.733063889	3.616701484	-0.093018528	0.125062693	-0.208058985	0.059638425	0.365903737	0.991743579	2.246820893	2.940018672	4.37945595	2.275292745	2.778769279	4.496384796	2.208867422	2.780436702	3.626131774	-0.028471852	0.161249393	-0.116928846	0.037953471	0.15958197	0.753324176	2.205228045	2.752105433	4.194472861	2.099031647	2.731481308	4.025581713	2.147986966	2.64495217	3.582462256	0.106196398	0.020624125	0.168891148	0.05724108	0.107153263	0.612010605	2.136083968	2.683887037	4.082340763	2.051964196	2.63438454	3.876323322	2.105606364	2.562368469	3.457517354	0.084119772	0.049502497	0.206017441		0.030477604	0.121518567	0.62482341
2.394532114	2.086998947	2.863203284	2.097008684	2.781061839	3.218689733	1.999832494	2.600020773	4.004319837	0.29752343	-0.694062893	-0.35548645	0.39469962	-0.513021826	-1.141116553	2.111088951	2.140591912	3.086660966	1.991154125	2.269321394	3.184813455	1.923680592	2.379580899	3.484478351	0.119934826	-0.128729482	-0.098152489	0.187408359	-0.238988987	-0.397817386	1.994224427	2.111177996	2.8738488	1.920762686	2.36980572	3.19923049	1.925659531	2.076794367	3.147409765	0.073461741	-0.258627724	-0.32538169	0.068564896	0.034383629	-0.273560965	2.013420643	2.14193432	3.008552273	1.901970588	2.290676343	3.058729457	1.897321514	2.121909966	2.81386677	0.111450055	-0.148742023	-0.050177184	0.116099129	0.020024354	0.194685503	1.964799092	2.106242758	2.926001627	1.88757515	2.283311718	3.081460251	1.8517093	2.139149363	2.713158487	0.077223942	-0.177068961	-0.155458624		0.113089792	-0.032906605	0.21284314
2.368789722	3.70517815	5.32847964	3.752657443	3.528061792	4.924074535	2.896808585	3.388826901	5.081474012	-1.38386772	0.177116358	0.404405106	-0.528018863	0.316351249	0.247005629	2.324180906	3.288684547	4.48822677	2.97581669	2.989245253	4.287045559	2.618694491	3.00941429	4.062131888	-0.651635784	0.299439294	0.201181211	-0.294513585	0.279270257	0.426094882	2.274566406	3.087083761	4.256364429	2.745726515	2.938602958	3.677520032	2.363336139	3.028735196	3.939118317	-0.47116011	0.148480804	0.578844397	-0.088769733	0.058348566	0.317246112	2.29815115	2.957125891	3.976614238	2.522040767	2.696950275	3.529573801	2.283246293	2.815644329	3.757682117	-0.223889617	0.260175616	0.447040437	0.014904857	0.141481563	0.218932121	2.246014756	2.879174433	4.036835	2.458390102	2.764588528	3.596023601	2.329398182	2.763471454	3.634091112	-0.212375346	0.114585905	0.440811399		-0.083383426	0.115702978	0.402743888
1.719570131	2.088153085	2.497732192	1.708189461	1.803236994	2.620890615	1.636723516	1.930169858	3.00387652	0.01138067	0.284916091	-0.123158423	0.082846614	0.157983227	-0.506144328	1.742792065	2.111525805	2.367730007	1.661399578	1.813599304	2.50217562	1.656187288	1.936459478	2.399426473	0.081392487	0.297926501	-0.134445613	0.086604777	0.175066327	-0.031696466	1.70135757	2.027479393	2.428236288	1.662703379	1.821183595	2.398664069	1.71430616	1.934596412	2.353970049	0.038654191	0.206295798	0.029572219	-0.01294859	0.092882981	0.074266239	1.794646492	2.107826464	2.522801467	1.673449422	1.970149161	2.49642626	1.689724074	1.876655465	2.408095692	0.12119707	0.137677303	0.026375207	0.104922418	0.231170998	0.114705775	1.699987307	2.073950977	2.48365415	1.684501513	1.907159203	2.508377826	1.677412025	1.853948443	2.256344577	0.015485794	0.166791774	-0.024723676		0.022575283	0.220002534	0.227309573
1.83886751	2.273439867	2.804564814	1.792005487	2.354715024	2.891750692	1.982917599	1.944457338	2.514592408	0.046862024	-0.081275157	-0.087185879	-0.144050089	0.328982529	0.289972406	1.857277725	2.324876994	2.937777539	1.748229015	2.195531046	2.70517767	1.911237556	2.029404454	2.738438341	0.10904871	0.129345948	0.232599869	-0.053959831	0.29547254	0.199339198	1.831389451	2.306387526	2.923031004	1.787966623	2.268566549	3.059733391	1.861254743	2.087090171	2.552325196	0.043422828	0.037820977	-0.136702387	-0.029865291	0.219297354	0.370705808	1.980150521	2.742364565	3.422553411	2.07860348	2.314084252	3.260452312	1.908451247	2.168208395	2.988136397	-0.098452959	0.428280313	0.162101099	0.071699273	0.57415617	0.434417014	1.972814422	2.536009579	3.569193662	2.084486372	2.354017886	3.183060036	1.948508276	2.152174932	2.909169344	-0.11167195	0.181991693	0.386133626		0.024306146	0.383834647	0.660024318
