block3 = [1	1.953358041	3.005879068	2.887878214	1.846161216	2.36308221	2.688165416	2.084745077	2.103034928	2.922772685	0.107196825	0.642796858	0.199712798	-0.131387036	0.90284414	-0.034894471
2	1.723457489	1.940160729	2.983559061	1.579407195	1.851054861	2.659896448	1.818888114	2.01243678	2.179638775	0.144050294	0.089105868	0.323662613	-0.095430625	-0.072276051	0.803920286
3	1.968932152	2.816100031	4.984904753	2.02296709	2.512641662	4.133217948	2.064249037	2.27340235	4.520624901	-0.054034938	0.303458369	0.851686805	-0.095316885	0.542697681	0.464279853
4	2.237360021	2.63801566	3.967275548	2.14319319	3.158754573	3.952182067	2.242278517	2.875182328	3.643106295	0.094166831	-0.520738913	0.015093481	-0.004918496	-0.237166668	0.324169252
5	1.77218183	2.052350165	2.469505686	1.779979807	2.560725939	3.22806456	1.929617409	1.678167988	2.473272592	-0.007797977	-0.508375774	-0.758558874	-0.157435579	0.374182177	-0.003766906
6	2.185260305	2.724202348	3.792639747	2.837012466	2.842382598	3.24296232	2.185368826	3.067377007	3.693091176	-0.651752161	-0.11818025	0.549677427	-0.00010852	-0.34317466	0.099548571
7	1.618488579	1.859386568	2.54924885	1.66531098	1.836352177	2.201992123	1.830543904	1.930870279	2.267602844	-0.0468224	0.023034391	0.347256726	-0.212055325	-0.07148371	0.281646006
8	1.779612903	2.588876922	3.683620572	1.867441841	2.407334003	3.449569126	1.766287398	2.202461606	2.19871022	-0.087828937	0.181542919	0.234051446	0.013325505	0.386415316	1.484910352
9	2.061508006	2.059535945	3.427192002	1.596219116	1.953118937	2.907158882	1.494198102	2.299243672	2.138177097	0.465288889	0.106417008	0.520033119	0.567309903	-0.239707727	1.289014905
10	1.466936037	2.142990716	2.370503339	1.621102038	1.926855373	2.212177856	1.511582135	1.619486282	2.060096933	-0.154166002	0.216135343	0.158325482	-0.044646099	0.523504435	0.310406406
11	1.789761713	2.230506888	3.411162711	1.671535174	2.312179401	2.99051461	1.970441754	1.870033679	2.707634209	0.118226539	-0.081672513	0.420648101	-0.180680041	0.360473209	0.703528502
12	1.534775346	1.897716884	2.618838788	1.702480163	1.777821507	3.077858733	1.634550042	2.186788958	2.462892582	-0.167704817	0.119895377	-0.459019945	-0.099774696	-0.289072074	0.155946206
13	1.526118413	2.088652605	1.964659974	1.913985254	1.896241044	2.454827085	1.875965237	1.739258036	2.398321119	-0.387866841	0.192411561	-0.490167111	-0.349846825	0.349394569	-0.433661145
14	1.791858471	2.295363885	3.644978078	1.699492967	2.023445561	2.528495761	1.694231443	1.92422908	2.667180359	0.092365504	0.271918323	1.116482318	0.097627029	0.371134805	0.977797719
15	1.631392564	2.00445756	2.481368411	1.559342838	1.854812021	3.33051441	1.558963972	1.919048793	1.858831911	0.072049726	0.149645539	-0.849145999	0.072428593	0.085408767	0.6225365
16	1.620747693	1.833981327	2.734543541	1.394360515	1.883108701	2.319600637	1.531798232	1.649962274	2.09790537	0.226387179	-0.049127374	0.414942904	0.088949461	0.184019053	0.636638171
17	1.723455284	2.13962274	2.961963113	1.782005579	2.285795172	1.96596523	1.858560058	2.049892874	2.681538823	-0.058550294	-0.146172432	0.995997883	-0.135104774	0.089729866	0.280424289
18	1.70847169	1.935740945	2.732700845	1.55835196	2.05368398	2.446669055	1.561040193	1.852206875	1.994478295	0.15011973	-0.117943036	0.28603179	0.147431497	0.083534069	0.73822255
19	1.445079695	1.616875501	2.37095864	1.677511547	1.708683803	1.945887563	1.544132897	1.95041032	2.75205704	-0.232431851	-0.091808301	0.425071077	-0.099053202	-0.333534818	-0.381098399
20	1.679465174	1.841082824	3.428484182	1.576457014	2.121886443	3.376955387	1.588948989	2.083039687	3.697676128	0.10300816	-0.280803618	0.051528795	0.090516186	-0.241956862	-0.269191946
21	2.088871836	3.492777409	3.076143945	2.032051993	2.974288958	4.172660341	2.111217546	2.710763275	3.30315756	0.056819843	0.518488452	-1.096516396	-0.02234571	0.782014134	-0.227013615
22	1.83850957	2.107412026	2.763557129	1.63361834	1.889971289	2.660511289	1.634673448	1.941883155	2.151433495	0.204891231	0.217440737	0.10304584	0.203836123	0.165528872	0.612123634
23	1.655621589	1.83068601	3.073678615	1.652611676	2.192728029	2.244839988	1.633373144	2.136578572	2.646317261	0.003009913	-0.362042019	0.828838627	0.022248445	-0.305892562	0.427361354
24	2.041550552	2.41965234	4.025454074	2.207066924	2.453702203	3.587272125	1.877056404	2.720937384	3.455390198	-0.165516372	-0.034049863	0.438181949	0.164494148	-0.301285043	0.570063876
25	1.793109758	2.145893442	2.647152845	1.688225606	2.203803842	2.657921736	1.826587523	1.903224781	2.207863073	0.104884152	-0.0579104	-0.010768891	-0.033477765	0.242668661	0.439289772
26	1.883649393	2.301133005	2.75979485	1.856136203	2.264371649	3.603718903	2.008855039	2.193936751	3.562175231	0.027513191	0.036761356	-0.843924052	-0.125205645	0.107196255	-0.802380381
27	1.835308363	2.365316682	2.760546168	1.852822833	2.151733892	3.296023851	1.923375596	2.168888527	2.811712009	-0.01751447	0.21358279	-0.535477683	-0.088067233	0.196428155	-0.051165841
28	2.175577754	3.537398421	4.131758604	2.090393427	3.09775018	4.283533882	2.130446059	2.673352475	3.730583216	0.085184327	0.439648241	-0.151775277	0.045131695	0.864045946	0.401175388
29	1.500388908	1.867288706	2.502114399	1.632010824	1.917906136	2.439421828	1.542538821	1.763031849	2.78657056	-0.131621917	-0.05061743	0.062692571	-0.042149913	0.104256857	-0.284456161
30	1.693868873	1.862952698	2.804521408	1.738339996	1.880496235	2.502072839	1.599193042	1.968017731	2.392516532	-0.044471123	-0.017543537	0.302448569	0.094675832	-0.105065033	0.412004876
31	1.754771803	1.962179411	2.633874418	1.509503864	1.88017691	2.635756623	1.578202062	1.703199811	2.316140666	0.245267939	0.082002501	-0.001882205	0.176569741	0.2589796	0.317733752
32	1.727717148	2.362784817	3.200959866	1.640831245	2.189726863	2.879910222	1.595628789	1.836975656	2.602979667	0.086885903	0.173057954	0.321049643	0.132088359	0.525809161	0.597980198
33	2.120778713	3.099026262	2.350278264	1.914667328	2.565564354	2.272462591	1.661956591	1.979640732	2.95166123	0.206111385	0.533461908	0.077815674	0.458822122	1.11938553	-0.601382966
34	5.247679764	7.758307651	9.595323816	4.338254454	6.961829696	8.723467246	3.799262702	6.082748438	8.98484999	0.909425311	0.796477955	0.87185657	1.448417062	1.675559213	0.610473826
35	1.701764098	2.055283326	2.632297531	1.731807755	2.363708719	2.882045036	1.714969397	2.081605773	2.908206731	-0.030043657	-0.308425393	-0.249747505	-0.0132053	-0.026322447	-0.275909199
36	1.874514437	2.149945932	2.972455656	1.975832615	2.160720736	2.335344815	1.810960549	2.197672837	2.426958482	-0.101318178	-0.010774804	0.637110841	0.063553887	-0.047726906	0.545497174];