block1 = [1	2.023350519	2.872299968	3.506370153	1.647826849	2.367983917	2.815718332	2.245377149	2.56513014	3.308571813	0.375523671	0.504316051	0.690651821	-0.22202663	0.307169827	0.19779834
2	1.900055355	2.768197088	3.069837336	2.01004661	2.558733693	3.025253827	2.161466082	2.475621293	3.21890968	-0.109991255	0.209463394	0.044583509	-0.261410726	0.292575794	-0.149072344
3	3.498328168	6.230336174	10.52280867	3.816382573	6.363073184	10.90817491	3.100578369	5.213209334	8.858370821	-0.318054404	-0.132737009	-0.385366241	0.397749799	1.01712684	1.664437844
4	2.38144732	3.156687099	5.038204265	2.983899893	3.561317316	5.844832688	2.247355898	3.000188094	3.808541088	-0.602452574	-0.404630217	-0.806628423	0.134091422	0.156499005	1.229663177
5	2.394532114	2.086998947	2.863203284	2.097008684	2.781061839	3.218689733	1.999832494	2.600020773	4.004319837	0.29752343	-0.694062893	-0.35548645	0.39469962	-0.513021826	-1.141116553
6	2.368789722	3.70517815	5.32847964	3.752657443	3.528061792	4.924074535	2.896808585	3.388826901	5.081474012	-1.38386772	0.177116358	0.404405106	-0.528018863	0.316351249	0.247005629
7	1.719570131	2.088153085	2.497732192	1.708189461	1.803236994	2.620890615	1.636723516	1.930169858	3.00387652	0.01138067	0.284916091	-0.123158423	0.082846614	0.157983227	-0.506144328
8	1.83886751	2.273439867	2.804564814	1.792005487	2.354715024	2.891750692	1.982917599	1.944457338	2.514592408	0.046862024	-0.081275157	-0.087185879	-0.144050089	0.328982529	0.289972406
9	1.938449378	2.486516238	3.362592186	2.029585083	1.995638272	3.229739999	1.625097195	2.455770533	2.762061106	-0.091135705	0.490877965	0.132852187	0.313352183	0.030745704	0.60053108
10	1.730841633	1.867826885	3.373132531	1.916109775	2.04813395	2.600477942	1.710506894	2.089650426	2.424648303	-0.185268142	-0.180307065	0.772654588	0.020334739	-0.221823541	0.948484228
11	2.010554565	2.901818424	3.81092275	2.177757733	2.548956501	3.492142875	1.901169257	2.513990495	4.139160693	-0.167203167	0.352861923	0.318779875	0.109385309	0.387827929	-0.328237944
12	1.901164526	2.038015164	3.338087364	1.718132009	2.002229267	3.30289487	1.772772812	1.883273868	2.977820268	0.183032517	0.035785897	0.035192494	0.128391714	0.154741296	0.360267096
13	1.765890058	2.13551782	2.34860235	1.516033398	1.859900436	2.314083788	1.6494841	2.261886352	2.378144895	0.24985666	0.275617384	0.034518562	0.116405958	-0.126368531	-0.029542545
14	1.982505639	2.148350721	2.90536782	1.747091445	2.163040523	3.054837087	1.818491974	2.499214969	3.269382457	0.235414193	-0.014689802	-0.149469267	0.164013665	-0.350864248	-0.903173268
15	2.035167693	4.092026077	4.823638337	2.087197548	2.393783422	3.688025477	1.980726834	2.239509005	3.156885471	-0.052029856	1.698242655	1.13561286	0.054440858	1.852517072	1.666752867
16	1.948719815	1.866425249	3.115797901	1.542379845	1.816926994	2.172947718	1.628881791	2.147269961	2.711625174	0.40633997	0.049498255	0.942850182	0.319838024	-0.280844712	0.404172727
17	2.793955632	3.599923581	4.217955008	2.139217378	2.410336671	4.254472944	2.304649846	2.659940496	2.996073751	0.654738253	1.18958691	-0.036517937	0.489305786	0.939983085	1.221881256
18	1.640050483	2.104027932	2.821224579	1.840312924	2.370853698	3.066445221	1.746652256	2.174013711	2.612552763	-0.200262441	-0.266825766	-0.245220642	-0.106601773	-0.069985779	0.208671817
19	2.077973947	2.270942941	3.63280507	1.728933834	2.662258925	3.395596649	2.014707384	2.938559134	3.222414422	0.349040113	-0.391315984	0.237208421	0.063266563	-0.667616193	0.410390648
20	2.47945212	2.942037867	5.419617734	2.54044549	3.442900559	4.75812814	2.151793535	3.113983701	3.796728511	-0.060993369	-0.500862692	0.661489594	0.327658585	-0.171945835	1.622889222
21	2.091856747	2.297228948	3.140186808	2.228218843	2.108227025	3.033282843	1.856864569	2.499307067	2.894419136	-0.136362096	0.189001922	0.106903965	0.234992179	-0.20207812	0.245767672
22	1.912881388	2.646659213	3.600478878	1.71348935	2.482275372	3.226023439	1.941817176	2.194997964	3.472832354	0.199392037	0.164383841	0.374455439	-0.028935788	0.451661249	0.127646523
23	1.908631043	2.805859379	2.759294643	1.910246793	2.639673251	4.594084547	2.489238773	2.508423767	3.562679046	-0.00161575	0.166186127	-1.834789904	-0.580607731	0.297435611	-0.803384403
24	2.381067617	4.895267319	7.09335278	2.432318653	3.039740807	5.142012479	3.302196039	3.193125631	6.550195471	-0.051251036	1.855526512	1.951340301	-0.921128421	1.702141689	0.543157309
25	1.831107056	2.548180157	3.603586665	1.834120366	2.192140201	2.907997464	1.686960791	2.278255267	2.683125984	-0.00301331	0.356039956	0.695589201	0.144146265	0.269924889	0.92046068
26	2.57751249	2.768682814	3.679324781	2.392292396	2.308789185	3.675004394	2.05461924	2.376422851	4.508143099	0.185220094	0.459893628	0.004320387	0.52289325	0.392259962	-0.828818319
27	1.895480231	3.29303151	2.58547993	1.657676448	2.385916447	2.852613339	1.746533646	1.945903756	2.127081887	0.237803783	0.907115063	-0.267133408	0.148946585	1.347127753	0.458398043
28	3.359037318	4.034909084	5.509872095	3.399779723	5.086424666	6.726844863	2.608839989	7.50169744	6.970129836	-0.040742405	-1.051515582	-1.216972767	0.750197329	-3.466788356	-1.460257741
29	1.852992102	2.323789608	3.704121925	2.123606781	2.590091851	3.134811111	2.147965864	2.927825894	2.499254967	-0.270614679	-0.266302244	0.569310813	-0.294973763	-0.604036286	1.204866958
30	1.781109881	2.246975454	3.84995866	1.661975248	2.095776159	3.081162628	1.761478636	1.739023061	3.113783692	0.119134633	0.151199295	0.768796032	0.019631244	0.507952393	0.736174969
31	1.650239127	2.111064874	3.445231188	1.622893981	1.696381305	2.568761004	1.747118697	1.868467941	2.668616517	0.027345146	0.414683569	0.876470184	-0.09687957	0.242596933	0.77661467
32	1.993360147	2.822244498	3.209471195	1.823520626	2.452154299	3.881716502	2.449189566	2.864157821	3.733485204	0.169839521	0.370090199	-0.672245307	-0.455829419	-0.041913323	-0.524014009
33	2.258593639	3.104184887	4.839637938	1.93343931	2.763523466	4.071278605	2.053192232	3.037218286	3.527224047	0.325154329	0.340661421	0.768359333	0.205401407	0.066966601	1.312413891
34	3.043993255	5.391930686	8.428780186	3.659689015	4.990499647	7.562943935	4.083592014	5.050522722	7.56258873	-0.61569576	0.401431039	0.865836251	-1.039598759	0.341407963	0.866191456
35	2.040366126	3.070523757	4.946217865	2.180463194	2.777560402	3.539201606	2.122059837	3.363572124	3.648971085	-0.140097068	0.292963355	1.407016259	-0.081693712	-0.293048367	1.29724678
36	1.859537201	1.995874538	3.130494686	2.014556825	2.306497708	2.636678834	1.963178574	2.169603427	2.976407366	-0.155019624	-0.310623169	0.493815852	-0.103641373	-0.173728889	0.15408732];