data_full = [1	0.982222222	1.920179703	2.494148213	3.080238119	1.804962592	2.202337036	2.769021911	1.967351134	2.107829822	2.8013775		0.115217111	0.291811177	0.311216208	-0.047171431	0.386318391	0.278860618	10	1	1	1	1	0	0	1
2	0.946666667	1.662222782	2.157889891	2.77599626	1.699674593	1.854761089	2.558719594	1.743857455	2.15218988	2.507543963		-0.03745181	0.303128802	0.217276666	-0.081634672	0.005700011	0.268452297	14	0	0	1	1	0	1	0
3	0.995555556	2.179673211	3.399763691	5.274773793	2.404505327	3.154000282	5.020411735	2.222909048	3.167910756	4.534221893		-0.224832116	0.245763409	0.254362058	-0.043235837	0.231852935	0.740551899	13	0	0	1	0	0	1	0
4	0.98	2.136083968	2.683887037	4.082340763	2.051964196	2.63438454	3.876323322	2.105606364	2.562368469	3.457517354		0.084119772	0.049502497	0.206017441	0.030477604	0.121518567	0.62482341	39	1	0	1	0	1	0	2
5	0.995555556	1.964799092	2.106242758	2.926001627	1.88757515	2.283311718	3.081460251	1.8517093	2.139149363	2.713158487		0.077223942	-0.177068961	-0.155458624	0.113089792	-0.032906605	0.21284314	5	1	0	1	0	0	1	2
6	0.982222222	2.246014756	2.879174433	4.036835	2.458390102	2.764588528	3.596023601	2.329398182	2.763471454	3.634091112		-0.212375346	0.114585905	0.440811399	-0.083383426	0.115702978	0.402743888	29	1	0	0	1	0	0	2
7	0.997777778	1.699987307	2.073950977	2.48365415	1.684501513	1.907159203	2.508377826	1.677412025	1.853948443	2.256344577		0.015485794	0.166791774	-0.024723676	0.022575283	0.220002534	0.227309573	23	1	0	1	0	0	1	2
8	0.988888889	1.972814422	2.536009579	3.569193662	2.084486372	2.354017886	3.183060036	1.948508276	2.152174932	2.909169344		-0.11167195	0.181991693	0.386133626	0.024306146	0.383834647	0.660024318	26	1	1	1	0	0	1	1
9	0.964444444	1.796374498	2.158772417	3.094083204	1.71345141	2.018698908	2.877281777	1.603234072	2.168350612	2.45400004		0.082923087	0.140073509	0.216801427	0.193140426	-0.009578195	0.640083164	21	1	1	1	0	0	1	1
10	0.997777778	1.582630454	1.928768582	2.586570296	1.558597471	1.90185821	2.380879743	1.524368261	1.75686492	1.997084736		0.024032983	0.026910372	0.205690553	0.058262193	0.171903662	0.58948556	8	1	1	1	1	0	0	1
11	0.953333333	1.854935577	2.408508605	3.339370747	1.860711285	2.288003316	3.126219823	1.920396828	2.210894759	2.965782615		-0.005775707	0.120505289	0.213150923	-0.065461251	0.197613846	0.373588132	24	1	1	1	1	0	0	1
12	0.944444444	1.564745862	1.924963367	2.99287659	1.676161424	1.964648691	2.897689804	1.638868443	1.886419661	2.58921366		-0.111415562	-0.039685324	0.095186786	-0.074122581	0.038543706	0.40366293	7	1	1	1	0	0	1	1
13	0.995555556	1.671360914	1.970092799	2.265257947	1.693762449	1.904236613	2.33927422	1.589991924	1.822645103	2.50668984		-0.022401535	0.065856186	-0.074016273	0.08136899	0.147447696	-0.241431892	31	1	0	0	0	0	1	2
14	0.944444444	1.797250097	2.044973963	2.867346326	1.771429891	2.063808746	2.727059776	1.674846952	2.048875658	2.317062119		0.025820206	-0.018834782	0.140286549	0.122403145	-0.003901695	0.550284206	12	1	1	0	1	0	0	1
15	0.982222222	1.715881606	2.195001702	3.0621469	1.643351192	1.934632702	2.854805256	1.692510402	1.88484689	2.063874628		0.072530414	0.260369	0.207341644	0.023371204	0.310154813	0.998272272	13	1	1	0	0	1	0	1
16	0.993333333	1.62245305	1.755525104	2.677644866	1.555972107	1.814032854	2.4638687	1.526573066	1.816229663	2.369998589		0.066480943	-0.05850775	0.213776167	0.095879983	-0.060704559	0.307646277	17	1	1	0	1	1	0	1
17	0.993333333	1.939736806	2.379314041	3.0907743	1.801014974	2.343861834	2.505982087	1.964247955	2.065772482	2.240099746		0.138721832	0.035452207	0.584792212	-0.024511149	0.313541559	0.850674554	31	1	1	1	0	0	1	1
18	1	1.692511306	1.986725276	2.609378442	1.63151946	1.932816332	2.404042793	1.650179706	1.926043798	2.284341725		0.060991846	0.053908944	0.205335649	0.0423316	0.060681478	0.325036717	11	1	0	1	1	0	0	2
19	0.953333333	1.540644954	1.739347724	2.48230451	1.593516672	1.829193451	2.255835948	1.499328579	1.983151028	2.694468681		-0.052871718	-0.089845727	0.226468561	0.041316374	-0.243803304	-0.212164172	13	0	0	1	1	0	0	0
20	0.988888889	1.799190493	2.268991258	3.498752596	1.764251066	2.263579283	3.467982936	1.752847588	2.300636921	3.053909859		0.034939427	0.005411976	0.03076966	0.046342905	-0.031645662	0.444842737	22	1	0	1	0	1	0	2
21	0.942222222	2.266332361	2.778704136	3.441701671	2.091300241	2.530420985	3.613695233	1.996141138	2.541135096	3.285551061		0.17503212	0.24828315	-0.171993562	0.270191224	0.23756904	0.15615061	27	1	1	1	1	1	0	1
22	0.997777778	1.850333305	2.175096431	2.837127996	1.737247175	2.041292499	2.738212279	1.723376185	2.083953841	2.577392567		0.113086129	0.133803933	0.098915717	0.12695712	0.09114259	0.259735429	29	0	0	0	1	0	0	0
23	0.933333333	1.689055515	2.232614167	3.116521596	1.665517689	2.212732839	2.540994308	1.700603438	2.130653503	2.861258254		0.023537826	0.019881328	0.575527289	-0.011547923	0.101960665	0.255263342	25	0	0	0	1	1	0	0
24	0.984444444	2.220303656	2.782033465	4.580186525	2.307379612	2.702941623	4.180231625	2.154213856	2.940286082	3.928358174		-0.087075956	0.079091843	0.3999549	0.0660898	-0.158252616	0.651828351	14	0	0	0	1	0	0	0
25	1	1.786140112	2.16421752	2.938656552	1.79850444	2.128854716	2.648024115	1.743307723	2.014195551	2.284562424		-0.012364328	0.035362804	0.290632437	0.042832389	0.15002197	0.654094127	6	1	1	0	0	0	1	1
26	0.933333333	1.928985753	2.439732443	3.284858109	1.967520792	2.302252847	3.037678009	1.973949219	2.366084998	3.500776354		-0.038535039	0.137479596	0.247180099	-0.044963466	0.073647445	-0.215918246	13	0	0	0	0	1	0	0
27	1	1.778623653	2.200035919	2.671582097	1.754236042	2.137204142	2.645340941	1.744152026	2.017603581	2.45540311		0.024387612	0.062831778	0.026241156	0.034471627	0.182432339	0.216178987	35	1	0	1	0	0	1	2
28	0.975555556	2.335161572	3.404042137	4.292245319	2.294948865	3.049874687	4.689059053	2.28612149	2.835936116	4.10166496		0.040212707	0.35416745	-0.396813735	0.049040082	0.568106021	0.190580358	15	1	1	1	1	0	0	1
29	0.973333333	1.651831882	2.048483783	2.774628722	1.654138907	1.996838089	2.57798435	1.678945418	1.984660337	2.643967022		-0.002307026	0.051645694	0.196644372	-0.027113537	0.063823445	0.1306617	21	1	0	1	1	0	0	2
30	0.993333333	1.691703784	2.121745524	2.797666416	1.651808822	1.873896763	2.592427732	1.64293175	1.857854634	2.481874593		0.039894962	0.247848761	0.205238684	0.048772034	0.26389089	0.315791823	11	1	1	1	1	0	0	1
31	0.997777778	1.712166703	1.973890537	2.7557722	1.596310935	1.846413796	2.54355902	1.642011304	1.8721119	2.485196816		0.115855768	0.127476741	0.21221318	0.070155399	0.101778638	0.270575383	9	0	0	1	1	0	0	0
32	0.984444444	1.760031148	2.423582373	3.049243429	1.658696651	2.185352005	3.148172257	1.714286305	2.053285922	2.672702806		0.101334497	0.238230369	-0.098928828	0.045744843	0.370296452	0.376540624	10	0	0	1	1	0	0	0
33	0.975555556	1.957976792	2.545890045	3.086919846	1.858905413	2.221150452	2.706796487	1.857158682	2.249164141	3.068056621		0.099071379	0.324739593	0.380123359	0.10081811	0.296725903	0.018863225	13	0	0	1	1	1	0	0
34	0.986666667	3.007252556	4.658845166	6.007274679	3.165526147	4.212853202	6.075554471	2.809191819	4.176614589	5.272619792		-0.15827359	0.445991964	-0.068279792	0.198060737	0.482230578	0.734654887	31	1	1	0	0	1	0	1
35	0.982222222	1.744172638	2.123272179	3.122732124	1.813799121	2.26193368	3.129707571	1.729858872	2.109690227	2.902511843		-0.069626483	-0.138661501	-0.006975447	0.014313766	0.013581952	0.220220281	16	1	0	0	1	0	0	2
36	0.993333333	1.828868197	2.083020296	2.587007471	1.897968514	2.103038574	2.39238856	1.794001053	2.070624688	2.543575919		-0.069100317	-0.020018278	0.194618912	0.034867144	0.012395608	0.043431552	18	1	1	1	0	0	1	1]