index_p =[-0.212316289	-0.282594399	0.347706552		-0.058916452	0.084553616	0.023778878
-0.049615736	-0.090208977	-0.541936093		0.053684902	-0.002996578	-0.139610952
-0.111788569	0.044254807	-0.582481224	-0.169981297	0.007143433	0.398043051];