data_p =[2.929437048	3.904745728	5.624653036	3.141753337	4.187340127	5.276946484	2.988353501	3.820192112	5.600874158
2.992074563	3.766497046	4.307081113	3.041690298	3.856706023	4.849017206	2.938389661	3.769493624	4.446692065
2.264524169	3.082707808	3.760124713	2.376312738	3.038453	4.342605937	2.434505466	3.075564375	3.362081662];