data_wo = [1	0.980555556	1.893725648	2.394634593	2.891358247	1.847431712	2.23426878	2.757347805	1.896062412	1.993504742	2.667905313		0.046293936	0.160365812	0.134010442	-0.002336765	0.40112985	0.223452935	10	1	1	1	1	0	0	1	1
2	0.944444444	1.619924445	2.009436789	2.689572415	1.613460143	1.731003715	2.438753648	1.659556384	2.069258748	2.325142497		0.006464301	0.278433073	0.250818766	-0.039631939	-0.059821959	0.364429917	14	0	0	1	1	0	1	0	1
3	1	1.902708953	2.845255139	4.399106766	2.069517232	2.570288298	3.999507242	2.067314543	2.776387762	3.837489553		-0.166808279	0.274966841	0.399599525	-0.16460559	0.068867377	0.561617213	13	0	0	1	0	0	1	0	1
4	0.994444444	2.036360514	2.569455201	3.886266199	1.946712005	2.602434733	3.653656209	2.070168981	2.452913563	3.387312607		0.089648509	-0.032979532	0.23260999	-0.033808467	0.116541638	0.498953592	39	1	0	1	0	1	0	2	0
5	0.997222222	1.91038194	2.11105371	2.940131254	1.835216767	2.224249385	3.04715288	1.814678502	2.072441613	2.390368149		0.075165174	-0.113195675	-0.107021626	0.095703438	0.038612097	0.549763104	5	1	0	1	0	0	1	2	0
6	0.997222222	2.220830148	2.713973689	3.735759211	2.318139083	2.52948629	3.323602896	2.178932279	2.603123904	3.316126564		-0.097308935	0.184487399	0.412156314	0.041897869	0.110849785	0.419632646	29	1	0	0	1	0	0	2	1
7	1	1.694833933	2.070309411	2.480044395	1.678579527	1.977352484	2.483062448	1.687844976	1.834404491	2.122750363		0.016254406	0.092956928	-0.003018053	0.006988957	0.235904921	0.357294032	23	1	0	1	0	0	1	2	1
8	0.988888889	2.008063609	2.719493914	3.77041178	2.161455026	2.35382947	3.25972039	1.939685372	2.208314822	3.000225561		-0.153391417	0.365664445	0.510691391	0.068378237	0.511179092	0.77018622	26	1	1	1	0	0	1	1	0
9	0.969444444	1.758986371	2.07473554	3.038801943	1.671622581	2.024464067	2.784529613	1.598314869	2.096495632	2.379066267		0.087363791	0.050271473	0.25427233	0.160671502	-0.021760092	0.659735676	21	1	1	1	0	0	1	1	0
10	0.997222222	1.520684134	1.944004007	2.384887672	1.513760208	1.865289275	2.325980193	1.476640406	1.708775779	1.893726278		0.006923927	0.078714732	0.058907479	0.044043728	0.235228227	0.491161394	8	1	1	1	1	0	0	1	0
11	0.963888889	1.819023503	2.374482364	3.24768008	1.837498885	2.22778335	3.108960625	1.925203721	2.078088525	2.725089675		-0.018475381	0.146699014	0.138719454	-0.106180218	0.296393839	0.522590404	24	1	1	1	1	0	0	1	0
12	0.961111111	1.532407032	1.942334429	2.927566444	1.665399736	1.954491779	2.823046766	1.60453399	1.887206109	2.511492339		-0.132992704	-0.012157351	0.104519678	-0.072126957	0.05512832	0.416074105	7	1	1	1	0	0	1	1	0
13	0.994444444	1.647122672	1.928736544	2.24332521	1.739334	1.915320657	2.345571829	1.57473752	1.760260051	2.539650082		-0.092211328	0.013415887	-0.102246619	0.072385152	0.168476493	-0.296324872	31	1	0	0	0	0	1	2	1
14	0.941666667	1.748498639	2.017769554	2.858168724	1.777670519	2.036989346	2.636010523	1.638014895	1.980910724	2.263010277		-0.02917188	-0.019219793	0.2221582	0.110483744	0.03685883	0.595158446	12	1	1	0	1	0	0	1	0
15	0.988888889	1.669142125	2.034744544	2.691306598	1.568570713	1.854104327	2.754877862	1.624672797	1.832424189	1.857573641		0.100571412	0.180640217	-0.063571264	0.044469328	0.202320355	0.833732957	13	1	1	0	0	1	0	1	1
16	1	1.565159168	1.727800068	2.658301207	1.559370172	1.813309319	2.601436167	1.539024807	1.776112721	2.293132607		0.005788995	-0.085509251	0.056865039	0.02613436	-0.048312653	0.365168599	17	1	1	0	1	1	0	1	1
17	0.994444444	1.84482514	2.200878406	2.964561434	1.746945192	2.326817004	2.392896523	1.879147482	1.913421709	2.05627103		0.097879948	-0.125938598	0.571664911	-0.034322342	0.287456698	0.908290404	31	1	1	1	0	0	1	1	1
18	1	1.7059628	1.957399612	2.556416908	1.587134076	1.830750079	2.310463435	1.626061568	1.862461769	2.265940829		0.118828723	0.126649533	0.245953473	0.079901231	0.094937843	0.290476079	11	1	0	1	1	0	0	2	0
19	0.963888889	1.442221475	1.616671905	2.13050707	1.557880577	1.686358652	1.970895773	1.458862108	1.77640035	2.57568089		-0.115659102	-0.069686747	0.159611296	-0.016640633	-0.159728445	-0.44517382	13	0	0	1	1	0	0	0	4
20	0.994444444	1.693121	2.17438605	2.917347392	1.651506376	2.046671604	3.177700265	1.650553756	2.117842598	2.800195565		0.041614623	0.127714446	-0.260352873	0.042567244	0.056543451	0.117151827	22	1	0	1	0	1	0	2	1
21	0.944444444	2.308772376	2.899072933	3.517080386	2.05526903	2.644527461	3.739189804	2.032792866	2.552439968	3.378187569		0.253503345	0.254545472	-0.222109417	0.275979509	0.346632964	0.138892817	27	1	1	1	1	1	0	1	0
22	1	1.834696284	2.057205736	2.641397001	1.743186632	1.977958885	2.713500394	1.672966725	2.021719903	2.35353262		0.091509652	0.079246851	-0.072103393	0.161729559	0.035485833	0.287864381	29	0	0	0	1	0	0	0	1
23	0.963888889	1.638384239	2.100326811	3.195905364	1.665338053	2.122850647	2.369579011	1.602137768	1.994777738	2.776421991		-0.026953814	-0.022523836	0.826326352	0.036246471	0.105549073	0.419483372	25	0	0	0	1	1	0	0	0
24	0.994444444	2.179082128	2.594280539	3.993251676	2.279268328	2.616582857	3.963830933	1.962061907	2.875455428	3.604001908		-0.1001862	-0.022302319	0.029420743	0.217020221	-0.28117489	0.389249768	14	0	0	0	1	0	0	0	1
25	1	1.774898376	2.065765562	2.849910393	1.789600458	2.113033345	2.583030777	1.757394457	1.985251006	2.184921534		-0.014702082	-0.047267783	0.266879616	0.017503919	0.080514556	0.664988859	6	1	1	0	0	0	1	1	2
26	0.955555556	1.870276913	2.363820819	3.186241441	1.905869985	2.300912059	2.925208647	1.953781713	2.363699339	3.315208796		-0.035593072	0.062908759	0.261032793	-0.0835048	0.000121479	-0.128967355	13	0	0	0	0	1	0	0	0
27	1	1.732092048	2.092595816	2.693107639	1.77837594	2.125694261	2.592194172	1.743556621	2.035528537	2.537483416		-0.046283892	-0.033098445	0.100913467	-0.011464573	0.05706728	0.155624223	35	1	0	1	0	0	1	2	1
28	0.994444444	2.290072543	3.242281381	4.121704221	2.137193256	2.769993689	4.165025335	2.205441866	2.723266945	3.483320301		0.152879288	0.472287692	-0.043321114	0.084630678	0.519014436	0.63838392	15	1	1	1	1	0	0	1	1
29	0.994444444	1.625516428	1.993422618	2.588730081	1.57109235	1.877240563	2.463763475	1.577075398	1.890459077	2.669291631		0.054424078	0.116182055	0.124966606	0.04844103	0.102963541	-0.08056155	21	1	0	1	1	0	0	2	1
30	0.997222222	1.668779144	2.089635285	2.687086277	1.649267215	1.823973898	2.564418856	1.61422135	1.887562527	2.323897319		0.019511929	0.265661387	0.122667421	0.054557794	0.202072758	0.363188958	11	1	1	1	1	0	0	1	0
31	0.997222222	1.728045569	1.938717631	2.583407453	1.58949477	1.883921919	2.537258524	1.615734456	1.873022889	2.439341891		0.1385508	0.054795712	0.046148929	0.112311113	0.065694741	0.144065562	9	0	0	1	1	0	0	0	0
32	0.994444444	1.701698898	2.323916842	3.017197876	1.616434093	2.118651431	2.960083989	1.599970974	1.892755533	2.565682932		0.085264805	0.205265411	0.057113887	0.101727924	0.43116131	0.451514944	10	0	0	1	1	0	0	0	1
33	0.994444444	1.878867096	2.417052773	2.886758497	1.843616408	2.095987448	2.477809627	1.761250228	2.122490202	2.96474395		0.035250687	0.321065325	0.408948871	0.117616867	0.294562572	-0.077985453	13	0	0	1	1	1	0	0	3
34	1	2.997831864	4.493900925	5.401898302	3.066693573	4.018441591	5.778076578	2.813033494	3.794313238	5.057782234		-0.068861709	0.475459334	-0.376178276	0.18479837	0.699587687	0.344116068	31	1	1	0	0	1	0	1	4
35	0.983333333	1.64868401	1.904675661	2.717372083	1.722133103	2.21352453	3.024709101	1.631808631	1.985460964	2.6281331		-0.073449093	-0.308848868	-0.307337018	0.016875379	-0.080785302	0.089238983	16	1	0	0	1	0	0	2	1
36	0.994444444	1.821200946	2.104806736	2.447651775	1.868821437	2.050869566	2.334530337	1.796445555	2.045880003	2.50482556		-0.047620491	0.05393717	0.113121438	0.02475539	0.058926732	-0.057173785	18	1	1	1	0	0	1	1	4];