data_M2T = [224.3138631	246.8999273	249.5435093	261.3449408	247.1593141	248.2845518	269.7122755	233.8523644	246.6204722
255.3992675	233.7600954	250.3740928	240.7210353	245.3162998	240.8369537	235.465174	237.6871627	238.3583804
243.8964433	245.8177684	248.130617	247.2042593	239.3858063	250.8526779	249.7393634	236.0506901	240.8856256
233.5740115	248.9557292	246.2857694	233.6170203	244.5050419	246.5153088	247.7239554	239.2022735	244.263657
255.7170397	231.8793472	244.142418	237.2243888	241.0770034	245.1558609	260.4908822	247.8067297	243.739167
245.4782862	256.1254291	237.7182035	241.4944286	249.3487238	253.0810433	254.2128733	236.6292079	240.2827995
257.1963723	242.706343	244.5624498	273.6999514	244.1366156	247.6311052	251.8352018	246.996204	234.7329513
240.6878745	248.9120131	248.9077404	229.6563878	239.9248363	246.9300021	246.1893427	242.9928756	247.7811586
235.6958455	245.3666811	235.6516334	262.2056272	248.9352815	243.2770163	247.2262815	247.7962394	234.5227437
233.5315568	241.7422116	231.919744	241.9629492	240.2918473	251.3102092	229.2955265	248.0227343	247.7292699
237.9042479	230.3544695	245.0856333	237.4747623	250.7345821	251.6074445	260.4614911	234.0062312	240.4491404
254.7389949	252.8889538	253.0225007	239.6110546	241.8547681	255.9899397	252.0847621	238.0853414	242.1961096
248.5741404	242.6730019	246.0315575	242.8127879	250.4448158	241.8935942	230.4142683	247.1372506	250.907157
260.4988092	244.8676916	244.5567602	248.0384058	243.9807187	241.7905988	233.9680487	252.816937	238.7797146
239.2816502	249.3725947	242.972212	234.988847	242.7952957	240.11192	266.9317134	244.6897473	245.5640052
244.6183282	234.8252611	258.3137214	233.2915465	241.9123739	245.6219957	243.8281927	237.6132435	248.1666371
245.9293948	234.3114773	255.5891634	231.1180139	244.7484072	248.0642612	250.125707	243.9385964	236.4407902
254.7373276	249.9192476	255.5199065	246.2100328	245.7538666	251.8735389	248.6545272	242.936169	245.594206
256.1977157	244.9926517	247.9582575	245.6563105	246.9946391	239.8753401	269.8406492	244.9923383	248.5775927
239.7363266	246.1713504	249.2521073	247.2860933	243.8162552	245.4976504	251.3244383	243.2985857	242.517118
244.0859547	229.7832393	242.3093501	234.0948297	250.0473766	256.1735671	236.0618941	255.7077596	243.4989223
246.7634997	242.3754251	244.1722825	233.1059557	235.2623752	237.5725017	252.5572472	241.703961	245.5540339
238.8105578	250.91152	242.6902756	238.9525671	267.8190951	240.5730904	223.9097992	245.49057	252.3156948
258.4755355	241.432611	246.549709	254.2873382	247.5252907	241.4029921	254.0305902	255.3657733	240.8143031
232.4652333	239.4413874	247.4216917	239.7848359	252.6558023	250.7471264	249.8423487	255.5445955	243.5164346
231.687962	246.2999774	248.2434088	243.9196493	244.9417641	240.9363714	243.3928794	230.4145212	251.5314521
248.0269484	249.5272708	252.0636209	255.03465	252.7743797	239.6889366	231.1175834	253.0209211	235.7291368
242.0896616	248.7137521	246.6348816	264.3728923	237.6510881	246.5394816	250.7525966	240.2504959	243.1393576
248.4202131	248.6850064	233.3697715	249.8392433	248.3176084	250.2327512	241.5602428	247.6074752	244.1306577
260.042126	249.365491	249.7667524	243.9873895	234.0147317	247.9476057	258.1067474	241.7541025	256.5330771
248.6058479	242.1669734	238.7496228	232.0035194	244.9830995	245.9643186	236.7434527	237.875495	244.1908935
251.5775318	253.6084912	244.1142198	229.356064	246.8331393	245.1538898	246.961815	238.9452684	245.2647825
249.3019415	244.4581069	247.6103797	240.3221107	254.3996435	242.253738	247.8850704	242.0854638	235.9550601
247.392147	252.9783825	240.8203879	234.7039688	228.7074548	237.0859801	245.5551354	235.1211146	246.1820152
220.6783788	249.1624567	236.735119	243.5713045	238.3173689	249.2025901	252.1190148	244.9816603	235.0328496
255.0154661	240.5793062	244.1543494	246.5606254	243.6868764	240.006761	241.398901	252.2801577	250.1046652];