measure2SD_bi = [0.015490781	0.019047806	0.015591802	0.111145338	0.027914256
0.052333692	0.043368942	0.100751876	0.032701383	0.043569589
0.107411547	0.23911624	0.110691935	0.061893556	0.189991735];