measureAll_2 = [1	2.872299968	2.390675089	3.005879068	2.317718058	2.137605237	2.367983917	2.112226551	2.36308221	2.53751797	1.88980168	2.56513014	1.781981503	2.103034928	2.115197217	1.973805322		0.504316051	0.278448538	0.642796858	-0.219799912	0.247803557	0.307169827	0.608693586	0.90284414	0.202520841	0.163799915
2	2.768197088	2.079497704	1.940160729	1.928031484	2.06684857	2.558733693	1.761191879	1.851054861	1.782937953	1.670331269	2.475621293	2.089831025	2.01243678	2.27946886	1.897355553		0.209463394	0.318305825	0.089105868	0.145093531	0.396517302	0.292575794	-0.010333321	-0.072276051	-0.351437376	0.169493017
3	6.230336174	3.15680289	2.816100031	3.039100522	2.369017114	6.363073184	2.733806756	2.512641662	2.55039093	2.484313843	5.213209334	3.616722296	2.27340235	2.66804733	3.085833464		-0.132737009	0.422996134	0.303458369	0.488709592	-0.11529673	1.01712684	-0.459919406	0.542697681	0.371053192	-0.716816351
4	3.156687099	3.034834877	2.63801566	2.207157039	2.65805279	3.561317316	2.386492548	3.158754573	2.599074989	2.26541682	3.000188094	2.465939683	2.875182328	2.238498573	2.232033667		-0.404630217	0.648342329	-0.520738913	-0.39191795	0.39263597	0.156499005	0.568895195	-0.237166668	-0.031341535	0.426019123
5	2.086998947	2.194184877	2.052350165	2.23420329	1.963476509	2.781061839	2.02048077	2.560725939	2.061201148	2.254589684	2.600020773	2.159141026	1.678167988	2.26728245	2.204659071		-0.694062893	0.173704107	-0.508375774	0.173002142	-0.291113176	-0.513021826	0.035043851	0.374182177	-0.03307916	-0.241182563
6	3.70517815	2.955489664	2.724202348	2.593243855	2.58295889	3.528061792	2.504310367	2.842382598	2.253278482	2.771256726	3.388826901	2.630001679	3.067377007	2.176371728	2.988830715		0.177116358	0.451179297	-0.11818025	0.339965373	-0.188297836	0.316351249	0.325487986	-0.34317466	0.416872127	-0.405871825
7	2.088153085	2.134898526	1.859386568	2.348867676	2.122358879	1.803236994	1.823961615	1.836352177	2.417045857	1.832050285	1.930169858	1.942749098	1.930870279	2.058155876	1.765391056		0.284916091	0.310936912	0.023034391	-0.068178181	0.290308594	0.157983227	0.192149428	-0.07148371	0.2907118	0.356967823
8	2.273439867	2.376314121	2.588876922	4.281804565	2.18424433	2.354715024	2.01865996	2.407334003	3.445465086	2.501772331	1.944457338	2.11435157	2.202461606	5.6636381	2.084478086		-0.081275157	0.357654162	0.181542919	0.83633948	-0.317528001	0.328982529	0.261962552	0.386415316	-1.381833534	0.099766244
9	2.486516238	2.264176062	2.059535945	2.124715348	1.869458858	1.995638272	2.025899766	1.953118937	2.184565755	1.934271811	2.455770533	2.361167695	2.299243672	1.92039089	1.805180273		0.490877965	0.238276296	0.106417008	-0.059850407	-0.064812953	0.030745704	-0.096991633	-0.239707727	0.204324458	0.064278585
10	1.867826885	1.822399418	2.142990716	1.890959006	1.919666888	2.04813395	2.091532732	1.926855373	1.936299035	1.50646996	2.089650426	2.104920721	1.619486282	1.484669437	1.626026678		-0.180307065	-0.269133315	0.216135343	-0.04534003	0.413196928	-0.221823541	-0.282521303	0.523504435	0.406289569	0.293640209
11	2.901818424	2.563658337	2.230506888	2.14167922	2.562085012	2.548956501	2.308488019	2.312179401	2.325765423	1.973140161	2.513990495	2.805123092	1.870033679	1.9214584	1.914924492		0.352861923	0.255170318	-0.081672513	-0.184086203	0.588944851	0.387827929	-0.241464756	0.360473209	0.22022082	0.64716052
12	2.038015164	1.958155692	1.897716884	1.850596593	2.062868546	2.002229267	2.276879417	1.777821507	2.100429524	1.872600858	1.883273868	1.736073566	2.186788958	1.875497809	1.717895935		0.035785897	-0.318723725	0.119895377	-0.249832931	0.190267688	0.154741296	0.222082126	-0.289072074	-0.024901216	0.344972611
13	2.13551782	1.797443348	2.088652605	1.845724581	1.983125641	1.859900436	1.751134815	1.896241044	2.005953065	2.007953703	2.261886352	1.778720833	1.739258036	1.788622906	1.734438428		0.275617384	0.046308533	0.192411561	-0.160228484	-0.024828061	-0.126368531	0.018722515	0.349394569	0.057101675	0.248687213
14	2.148350721	2.154950327	2.295363885	2.00888517	1.785464404	2.163040523	1.991364179	2.023445561	2.174007655	2.169902641	2.499214969	2.019607645	1.92422908	2.206656704	1.989884463		-0.014689802	0.163586148	0.271918323	-0.165122485	-0.384438236	-0.350864248	0.135342682	0.371134805	-0.197771534	-0.204420059
15	4.092026077	1.993809408	2.00445756	1.908734145	2.231977064	2.393783422	1.826496165	1.854812021	1.907620335	1.93462723	2.239509005	1.912457827	1.919048793	1.805803669	1.692386467		1.698242655	0.167313244	0.149645539	0.00111381	0.297349833	1.852517072	0.081351581	0.085408767	0.102930476	0.539590597
16	1.866425249	1.674830635	1.833981327	1.706276338	1.696111971	1.816926994	1.779817704	1.883108701	1.817663551	1.772647319	2.147269961	1.991846443	1.649962274	1.709430653	1.753211512		0.049498255	-0.104987069	-0.049127374	-0.111387213	-0.076535348	-0.280844712	-0.317015809	0.184019053	-0.003154315	-0.057099541
17	3.599923581	2.291870686	2.13962274	2.432341659	2.147099221	2.410336671	2.661549756	2.285795172	2.228967446	2.126853461	2.659940496	2.042027552	2.049892874	1.665428817	2.231259181		1.18958691	-0.36967907	-0.146172432	0.203374213	0.02024576	0.939983085	0.249843133	0.089729866	0.766912842	-0.08415996
18	2.104027932	2.165912542	1.935740945	1.788976996	1.938967965	2.370853698	1.864275535	2.05368398	1.769765678	1.762670291	2.174013711	1.802450717	1.852206875	1.85569759	2.130054191		-0.266825766	0.301637006	-0.117943036	0.019211318	0.176297674	-0.069985779	0.363461825	0.083534069	-0.066720595	-0.191086226
19	2.270942941	1.630424001	1.616875501	1.683755534	1.537007793	2.662258925	1.747044545	1.708683803	1.828211858	1.481748311	2.938559134	1.599275718	1.95041032	1.685496847	2.104293956		-0.391315984	-0.116620544	-0.091808301	-0.144456324	0.055259482	-0.667616193	0.031148283	-0.333534818	-0.001741314	-0.567286163
20	2.942037867	2.636655256	1.841082824	1.990078604	2.275954434	3.442900559	2.058812671	2.121886443	1.973264285	2.249550022	3.113983701	2.195696264	2.083039687	2.205293964	2.163167339		-0.500862692	0.577842585	-0.280803618	0.01681432	0.026404412	-0.171945835	0.440958992	-0.241956862	-0.21521536	0.112787095
21	2.297228948	2.380328246	3.492777409	3.230959927	2.618463023	2.108227025	2.46223534	2.974288958	2.92057888	2.754124868	2.499307067	2.387827544	2.710763275	2.717197129	2.684159593		0.189001922	-0.081907094	0.518488452	0.310381047	-0.135661845	-0.20207812	-0.007499298	0.782014134	0.513762797	-0.06569657
22	2.646659213	2.0165105	2.107412026	1.868933024	2.235967392	2.482275372	2.156485854	1.889971289	1.945871752	1.919506644	2.194997964	1.934640013	1.941883155	2.153615386	2.194632689		0.164383841	-0.139975354	0.217440737	-0.076938728	0.316460748	0.451661249	0.081870487	0.165528872	-0.284682362	0.041334703
23	2.805859379	2.387288625	1.83068601	2.160753617	2.051275174	2.639673251	2.061018819	2.192728029	2.077339414	2.162752942	2.508423767	2.060418534	2.136578572	2.122540178	1.833353486		0.166186127	0.326269806	-0.362042019	0.083414203	-0.111477769	0.297435611	0.326870091	-0.305892562	0.038213438	0.217921688
24	4.895267319	2.411958627	2.41965234	2.65755034	2.870498027	3.039740807	2.799958412	2.453702203	2.448975745	3.127655147	3.193125631	2.79286695	2.720937384	3.074012175	3.604314388		1.855526512	-0.387999784	-0.034049863	0.208574595	-0.257157119	1.702141689	-0.380908323	-0.301285043	-0.416461835	-0.733816361
25	2.548180157	2.201627993	2.145893442	2.409760206	2.870498027	2.192140201	2.139560709	2.203803842	2.256985017	3.127655147	2.278255267	2.017738864	1.903224781	1.708016433	3.604314388		0.356039956	0.062067284	-0.0579104	0.152775189	-0.257157119	0.269924889	0.183889129	0.242668661	0.701743773	-0.733816361
26	2.768682814	2.542883236	2.301133005	2.31916144	2.287639655	2.308789185	2.482979146	2.264371649	2.177447941	2.27519546	2.376422851	2.963711792	2.193936751	2.341676833	1.910113387		0.459893628	0.05990409	0.036761356	0.141713499	0.012444195	0.392259962	-0.420828556	0.107196255	-0.022515392	0.377526268
