measure3SD_bi = [0.13058694	0.082216647	0.055556222	0.110174865	0.097672335
0.189263065	0.197279496	0.12386109	0.097961285	0.248825061];