measure3_RT = [3.029490666	2.465565416	2.505345732	2.441770572	2.361562717
2.893906587	2.397329597	2.423671956	2.360738958	2.259679506
2.860640213	2.314032658	2.316646341	2.263752061	2.177496538];