measureAll = [1	2.023350519	1.870533463	1.953358041	2.162169463	1.817526321	1.647826849	1.748218339	1.846161216	1.742443951	2.228817091	2.245377149	1.848751419	2.084745077	2.23966337	1.695130552		0.375523671	0.122315124	0.107196825	0.419725512	-0.41129077	-0.22202663	0.021782043	-0.131387036	-0.077493907	0.122395769
2	1.900055355	1.575759243	1.723457489	1.708196451	1.565016752	2.01004661	1.805659485	1.579407195	1.586479441	1.661514519	2.161466082	1.771408507	1.818888114	1.500519299	1.73660868		-0.109991255	-0.229900242	0.144050294	0.12171701	-0.096497767	-0.261410726	-0.195649264	-0.095430625	0.207677151	-0.171591928
3	3.498328168	2.080668707	1.968932152	1.996374601	1.706691541	3.816382573	2.447267942	2.02296709	2.084287024	2.061848354	3.100578369	2.415987836	2.064249037	1.824724523	1.964296778		-0.318054404	-0.366599235	-0.054034938	-0.087912422	-0.355156813	0.397749799	-0.335319129	-0.095316885	0.171650079	-0.257605237
4	2.38144732	2.107748055	2.237360021	2.084608787	1.866422068	2.983899893	2.032466996	2.14319319	1.836403337	1.873107884	2.247355898	2.136967851	2.242278517	1.965345597	1.936083959		-0.602452574	0.075281059	0.094166831	0.24820545	-0.006685816	0.134091422	-0.029219797	-0.004918496	0.119263191	-0.069661891
5	2.394532114	2.025081217	1.77218183	2.069089669	1.775175046	2.097008684	1.885299566	1.779979807	1.845594293	1.8299934	1.999832494	1.84752869	1.929617409	1.812307461	1.669260446		0.29752343	0.13978165	-0.007797977	0.223495375	-0.054818354	0.39469962	0.177552526	-0.157435579	0.256782207	0.105914599
6	2.368789722	2.288493853	2.185260305	2.364188436	2.365032239	3.752657443	2.198975937	2.837012466	2.440017299	2.216517574	2.896808585	2.309678831	2.185368826	2.363530703	2.534523492		-1.38386772	0.089517916	-0.651752161	-0.075828863	0.148514665	-0.528018863	-0.021184979	-0.00010852	0.000657733	-0.169491253
7	1.719570131	1.766014	1.618488579	2.074513258	1.547252714	1.708189461	1.614609695	1.66531098	1.705687554	1.728709877	1.636723516	1.675651059	1.830543904	1.843142991	1.629395034		0.01138067	0.151404305	-0.0468224	0.368825704	-0.181457163	0.082846614	0.090362941	-0.212055325	0.231370267	-0.08214232
8	1.83886751	1.87568794	1.779612903	3.890665077	1.944937246	1.792005487	1.704452543	1.867441841	5.095649591	2.106841363	1.982917599	1.997096962	1.766287398	2.194105173	2.104730686		0.046862024	0.171235397	-0.087828937	-1.204984513	-0.161904117	-0.144050089	-0.121409023	0.013325505	1.696559904	-0.15979344
9	1.938449378	1.782736863	2.061508006	1.936675855	1.814508354	2.029585083	1.859957403	1.596219116	1.677150856	1.545622602	1.625097195	1.776309481	1.494198102	1.535765273	1.58698662		-0.091135705	-0.07722054	0.465288889	0.259524999	0.268885752	0.313352183	0.006427382	0.567309903	0.400910581	0.227521734
10	1.730841633	1.680682263	1.466936037	1.563500403	1.471191934	1.916109775	1.686304351	1.621102038	1.420761391	1.426878192	1.710506894	1.734503193	1.511582135	1.512956764	1.264258359		-0.185268142	-0.005622089	-0.154166002	0.142739012	0.044313742	0.020334739	-0.053820931	-0.044646099	0.050543639	0.206933575
11	2.010554565	1.881010083	1.789761713	1.895292913	1.697918837	2.177757733	1.987850907	1.671535174	1.9202515	1.78539316	1.901169257	1.967590693	1.970441754	1.831740467	1.931041971		-0.167203167	-0.106840824	0.118226539	-0.024958586	-0.087474323	0.109385309	-0.08658061	-0.180680041	0.063552446	-0.233123134
12	1.901164526	1.53943163	1.534775346	1.39425955	1.661161604	1.718132009	1.660933958	1.702480163	1.71827004	1.877471504	1.772772812	1.635947439	1.634550042	1.623243815	1.661585881		0.183032517	-0.121502328	-0.167704817	-0.32401049	-0.2163099	0.128391714	-0.096515809	-0.099774696	-0.228984265	-0.000424278
13	1.765890058	1.702756894	1.526118413	1.629660355	1.7178546	1.516033398	1.787469922	1.913985254	1.740614264	1.654990579	1.6494841	1.443939354	1.875965237	1.589583304	1.529337298		0.24985666	-0.084713029	-0.387866841	-0.110953909	0.062864021	0.116405958	0.25881754	-0.349846825	0.040077051	0.188517302
14	1.982505639	1.802471497	1.791858471	1.830574486	1.768630822	1.747091445	1.928980248	1.699492967	1.74539545	1.751944381	1.818491974	1.786654942	1.694231443	1.683755056	1.546911835		0.235414193	-0.126508752	0.092365504	0.085179036	0.016686441	0.164013665	0.015816555	0.097627029	0.14681943	0.221718987
15	2.035167693	1.682515786	1.631392564	1.711554123	1.652443392	2.087197548	1.760982173	1.559342838	1.66881592	1.447988514	1.980726834	1.816537767	1.558963972	1.707198887	1.516498651		-0.052029856	-0.078466387	0.072049726	0.042738202	0.204454878	0.054440858	-0.134021982	0.072428593	0.004355236	0.135944741
16	1.948719815	1.475038713	1.620747693	1.584263898	1.682868029	1.542379845	1.620521018	1.394360515	1.613593161	1.609005995	1.628881791	1.545894521	1.531798232	1.601158209	1.477248267		0.40633997	-0.145482305	0.226387179	-0.029329263	0.073862034	0.319838024	-0.070855808	0.088949461	-0.016894311	0.205619762
17	2.793955632	2.043207365	1.723455284	1.989042407	1.741684614	2.139217378	1.844885698	1.782005579	1.581274541	1.763047887	2.304649846	2.150658897	1.858560058	1.735794063	1.771576909		0.654738253	0.198321667	-0.058550294	0.407767866	-0.021363273	0.489305786	-0.107451532	-0.135104774	0.253248344	-0.029892295
18	1.640050483	1.759980391	1.70847169	1.660861441	1.774992159	1.840312924	1.66133207	1.55835196	1.615965134	1.578101703	1.746652256	1.671848219	1.561040193	1.670811378	1.600546483		-0.200262441	0.098648321	0.15011973	0.044896307	0.196890457	-0.106601773	0.088132172	0.147431497	-0.009949937	0.174445676
19	2.077973947	1.511342402	1.445079695	1.508790852	1.39886341	1.728933834	1.656376677	1.677511547	1.518216299	1.702016068	2.014707384	1.424778496	1.544132897	1.376770676	1.489766363		0.349040113	-0.145034275	-0.232431851	-0.009425447	-0.303152658	0.063266563	0.086563906	-0.099053202	0.132020176	-0.090902953
20	2.47945212	1.755277796	1.679465174	1.869881255	1.672797521	2.54044549	1.772230812	1.576457014	1.9867365	1.508202729	2.151793535	1.715802711	1.588948989	1.79981498	1.647997171		-0.060993369	-0.016953016	0.10300816	-0.116855244	0.164594792	0.327658585	0.039475085	0.090516186	0.070066275	0.02480035
21	2.091856747	2.080344805	2.088871836	2.597348379	2.400848915	2.228218843	1.944242309	2.032051993	2.191591899	2.299297778	1.856864569	1.926501281	2.111217546	2.463777488	1.875588767		-0.136362096	0.136102496	0.056819843	0.405756481	0.101551136	0.234992179	0.153843523	-0.02234571	0.133570891	0.525260148
22	1.912881388	1.748257701	1.83850957	1.79453601	1.957481854	1.71348935	1.825656886	1.63361834	1.733319148	1.780152153	1.941817176	1.855971876	1.634673448	1.626306829	1.679354991		0.199392037	-0.077399185	0.204891231	0.061216862	0.177329701	-0.028935788	-0.107714175	0.203836123	0.168229181	0.278126863
23	1.908631043	1.945581234	1.655621589	1.666199218	1.57968847	1.910246793	2.112778643	1.652611676	1.505053181	1.576917066	2.489238773	2.030998458	1.633373144	1.514532321	1.357881463		-0.00161575	-0.167197409	0.003009913	0.161146037	0.002771404	-0.580607731	-0.085417224	0.022248445	0.151666897	0.221807007
24	2.381067617	2.315196265	2.041550552	2.041501556	2.506366678	2.432318653	2.230748183	2.207066924	2.481419761	2.197838442	3.302196039	1.92717632	1.877056404	2.035518797	2.182559079		-0.051251036	0.084448082	-0.165516372	-0.439918205	0.308528236	-0.921128421	0.388019945	0.164494148	0.005982759	0.323807599
25	1.831107056	1.832912465	1.793109758	1.736846391	2.506366678	1.834120366	1.971289219	1.688225606	1.869187586	2.197838442	1.686960791	1.727909688	1.826587523	1.683767865	2.182559079		-0.00301331	-0.138376754	0.104884152	-0.132341194	0.308528236	0.144146265	0.105002778	-0.033477765	0.053078526	0.323807599
26	2.57751249	1.90923124	1.883649393	1.997900222	1.829314055	2.392292396	1.91265048	1.856136203	1.957285275	1.903227559	2.05461924	2.068560625	2.008855039	1.93487589	1.802835299		0.185220094	-0.00341924	0.027513191	0.040614947	-0.073913505	0.52289325	-0.159329386	-0.125205645	0.063024331	0.026478755
