measure_persd = [2.826137093	2.077934964	2.242358099	2.170666196	2.436112233
3.24038542	2.42876363	2.392266936	2.474609735	2.355334223];