measure2_RT = [2.137386777	1.888866963	1.86421375	1.888735094	1.788352904
2.782899557	2.276308611	2.32274971	2.229314543	2.151098388
3.863751132	3.011752097	3.058700569	2.948211953	2.85928747];