measure2_BI = [-0.003270512	-0.002204575	0.04334204	0.063606414	0.027302923
0.158614248	0.13182182	0.142106163	0.079885608	0.064681596
0.30130806	0.200035621	0.220111549	0.245083164	0.336939566];