measureAll_3 = [1	3.506370153	3.097986028	2.887878214	3.135377305	2.750180591	2.815718332	2.602978835	2.688165416	2.936490651	2.801756319	3.308571813	2.065691712	2.922772685	3.488972051	2.778845526		0.690651821	0.495007192	0.199712798	0.198886654	-0.051575728	0.19779834	1.032294316	-0.034894471	-0.353594746	-0.028664935
2	3.069837336	2.485929646	2.983559061	4.071492565	2.628703109	3.025253827	2.130174672	2.659896448	2.503348141	2.468772498	3.21890968	2.666170404	2.179638775	2.410562637	2.029647802		0.044583509	0.355754974	0.323662613	1.568144424	0.159930611	-0.149072344	-0.180240758	0.803920286	1.660929929	0.599055307
3	10.52280867	3.88288381	4.984904753	4.183503754	5.207841031	10.90817491	5.11083257	4.133217948	3.341888168	3.41209028	8.858370821	2.909658566	4.520624901	3.513155355	4.406519393		-0.385366241	-1.22794876	0.851686805	0.841615586	1.79575075	1.664437844	0.973225245	0.464279853	0.670348399	0.801321638
4	5.038204265	4.2646377	3.967275548	3.676520213	4.146807164	5.844832688	4.096674	3.952182067	3.226775657	3.338993114	3.808541088	3.463229801	3.643106295	3.460187607	2.982726724		-0.806628423	0.167963701	0.015093481	0.449744556	0.80781405	1.229663177	0.8014079	0.324169252	0.216332605	1.164080439
5	2.863203284	3.287772879	2.469505686	3.399192344	2.604054106	3.218689733	3.150937176	3.22806456	2.637226358	3.172383426	4.004319837	2.964636865	2.473272592	1.813237785	2.310325355		-0.35548645	0.136835703	-0.758558874	0.761965986	-0.56832932	-1.141116553	0.323136014	-0.003766906	1.585954559	0.293728751
6	5.32847964	3.6479739	3.792639747	3.819878287	4.271695971	4.924074535	3.777422379	3.24296232	3.13011898	4.282645111	5.081474012	3.042789765	3.693091176	3.767458733	3.152086191		0.404405106	-0.129448479	0.549677427	0.689759307	-0.01094914	0.247005629	0.605184135	0.099548571	0.052419554	1.119609781
7	2.497732192	2.237727823	2.54924885	3.175561193	2.330979614	2.620890615	2.395332125	2.201992123	2.779936612	2.554988933	3.00387652	2.325312865	2.267602844	2.565060055	1.664515231		-0.123158423	-0.157604302	0.347256726	0.395624581	-0.224009319	-0.506144328	-0.087585042	0.281646006	0.610501138	0.666464383
8	2.804564814	3.085791678	3.683620572	4.821216151	4.126426615	2.891750692	2.837880355	3.449569126	4.603557919	2.847693507	2.514592408	2.939899681	2.19871022	6.118701462	2.609094543		-0.087185879	0.247911323	0.234051446	0.217658232	1.278733109	0.289972406	0.145891997	1.484910352	-1.297485311	1.517332073
9	3.362592186	3.813396965	3.427192002	2.714172998	2.406737532	3.229739999	3.155652579	2.907158882	2.728849178	2.831589719	2.762061106	3.024541932	2.138177097	2.754136992	2.129670284		0.132852187	0.657744386	0.520033119	-0.01467618	-0.424852187	0.60053108	0.788855033	1.289014905	-0.039963994	0.277067248
10	3.373132531	3.046656924	2.370503339	2.373250747	2.23938355	2.600477942	2.526962691	2.212177856	2.301211889	2.263568334	2.424648303	2.112179958	2.060096933	1.820452873	1.818626217		0.772654588	0.519694233	0.158325482	0.072038857	-0.024184784	0.948484228	0.934476966	0.310406406	0.552797874	0.420757333
11	3.81092275	3.687356578	3.411162711	2.714551256	3.700535622	3.492142875	3.130579901	2.99051461	3.054886228	3.219950241	4.139160693	2.507050808	2.707634209	2.718371358	2.94549844		0.318779875	0.556776678	0.420648101	-0.340334971	0.480585381	-0.328237944	1.18030577	0.703528502	-0.003820101	0.755037182
12	3.338087364	2.855223363	2.618838788	3.002291527	3.203277531	3.30289487	3.071733634	3.077858733	2.605223135	4.925586178	2.977820268	2.370159191	2.462892582	2.827783076	2.385134506		0.035192494	-0.216510271	-0.459019945	0.397068393	-1.722308647	0.360267096	0.485064172	0.155946206	0.174508451	0.818143025
13	2.34860235	2.323859789	1.964659974	2.411613719	2.478449485	2.314083788	2.281466555	2.454827085	2.276244614	2.369749061	2.378144895	3.008750155	2.398321119	2.598392776	2.404379083		0.034518562	0.042393234	-0.490167111	0.135369105	0.108700424	-0.029542545	-0.684890367	-0.433661145	-0.186779057	0.074070402
14	2.90536782	2.616988831	3.644978078	2.837020236	2.871295786	3.054837087	2.46100709	2.528495761	2.601209082	2.890077655	3.269382457	2.237036496	2.667180359	1.985401497	2.162422757		-0.149469267	0.155981742	1.116482318	0.235811154	-0.018781869	-0.364014637	0.379952335	0.977797719	0.851618739	0.708873029
15	4.823638337	3.16438518	2.481368411	2.533650807	2.68043771	3.688025477	2.599667698	3.33051441	2.280270408	2.809058931	3.156885471	1.948565671	1.858831911	1.868971503	1.753925477		1.13561286	0.564717482	-0.849145999	0.253380399	-0.128621222	1.666752867	1.215819509	0.6225365	0.664679304	0.926512233
16	3.115797901	2.588086589	2.734543541	2.971729013	2.338845683	2.172947718	3.022510074	2.319600637	2.637966728	2.42566723	2.711625174	2.467408661	2.09790537	2.556660704	2.050555694		0.942850182	-0.434423484	0.414942904	0.333762285	-0.086821547	0.404172727	0.120677929	0.636638171	0.415068309	0.288289989
17	4.217955008	3.163483286	2.961963113	3.609864614	2.122934723	4.254472944	2.724271078	1.96596523	2.32357126	2.557778525	2.996073751	2.001895506	2.681538823	1.810796725	2.055569369		-0.036517937	0.439212207	0.995997883	1.286293354	-0.434843802	1.221881256	1.161587779	0.280424289	1.79906789	0.067365354
18	2.821224579	2.684944795	2.732700845	2.742217976	2.065804016	3.066445221	2.156720307	2.446669055	2.200511315	2.437953064	2.612552763	2.582232679	1.994478295	2.353045148	2.134007194		-0.245220642	0.528224489	0.28603179	0.541706661	-0.372149049	0.208671817	0.102712116	0.73822255	0.389172829	-0.068203178
19	3.63280507	2.118346726	2.37095864	2.179899183	2.244552311	3.395596649	2.282708189	1.945887563	2.057404428	1.960819104	3.222414422	2.473405268	2.75205704	2.723536241	2.35372501		0.237208421	-0.164361463	0.425071077	0.122494755	0.283733207	0.410390648	-0.355058542	-0.381098399	-0.543637059	-0.109172699
20	5.419617734	3.181372904	3.428484182	2.533417998	2.834336703	4.75812814	3.574948398	3.376955387	2.897869644	2.861027632	3.796728511	2.972263611	3.697676128	2.209354476	2.667808436		0.661489594	-0.393575494	0.051528795	-0.364451646	-0.026690928	1.622889222	0.209109292	-0.269191946	0.324063523	0.166528268
21	3.140186808	2.793136082	3.076143945	3.673474093	4.380625077	3.033282843	3.295917133	4.172660341	3.970405201	4.287147916	2.894419136	3.142202007	3.30315756	3.469541658	4.247668931		0.106903965	-0.502781052	-1.096516396	-0.296931108	0.093477161	0.245767672	-0.349065926	-0.227013615	0.203932435	0.132956146
22	3.600478878	2.775931073	2.763557129	2.65183405	2.839912243	3.226023439	2.990907068	2.660511289	2.992740765	2.209842455	3.472832354	2.547549359	2.151433495	2.062450258	2.652697367		0.374455439	-0.214975995	0.10304584	-0.340906715	0.630069788	0.127646523	0.228381714	0.612123634	0.589383791	0.187214876
23	2.759294643	2.760705379	3.073678615	4.6149618	2.950078374	4.594084547	2.655861324	2.244839988	2.976291079	1.892797408	3.562679046	3.679663211	2.646317261	2.483885885	2.476469852		-1.834789904	0.104844056	0.828838627	1.638670721	1.057280966	-0.803384403	-0.918957831	0.427361354	2.131075915	0.473608522
24	7.09335278	3.805068143	4.025454074	3.917921324	4.832697726	5.142012479	3.812950875	3.587272125	4.750078841	3.70502189	6.550195471	3.477350433	3.455390198	3.776297267	3.706969732		1.951340301	-0.007882732	0.438181949	-0.832157517	1.127675835	0.543157309	0.32771771	0.570063876	0.141624057	1.125727994
25	3.603586665	2.847066793	2.647152845	3.009898629	4.832697726	2.907997464	2.48257814	2.657921736	2.717192145	3.70502189	2.683125984	2.217101249	2.207863073	2.285237858	3.706969732		0.695589201	0.364488653	-0.010768891	0.292706484	1.127675835	0.92046068	0.629965544	0.439289772	0.724660771	1.125727994
26	3.679324781	3.718038876	2.75979485	3.244073887	3.023058149	3.675004394	3.30879003	3.603718903	3.1028778	2.360851406	4.508143099	3.47873399	3.562175231	3.274846189	2.957396031		0.004320387	0.409248846	-0.843924052	0.141196088	0.662206743	-0.828818319	0.239304885	-0.802380381	-0.030772302	0.065662118
