measure2SD = [0.011115195	0.01352884	0.027344645	0.086748112	0.025260365
0.098770277	0.082053417	0.108659364	0.051593866	0.048412025
0.189817815	0.204759301	0.149251634	0.148112543	0.236413169];