measure3SD = [0.972389281	0.634954788	0.660563341	0.606119201	0.654915511
0.862642549	0.641776385	0.605095117	0.496039132	0.558826796
0.784121887	0.438689978	0.542972524	0.522022152	0.426816638];