measure3_BI = [0.135584079	0.068235819	0.081673776	0.081031614	0.101883211
0.168850452	0.151532758	0.188699391	0.178018511	0.184066179];