measure_per = [3.128346878	2.484226196	1.645343223	1.96825276	2.454512497
3.199426407	4.600810707	5.286112507	6.115773317	5.642735937];