notice3 = [1	2.424286073	2.281374771	2.17209771	0.142911303	0.252188363	1
2	2.08575606	1.916378913	2.000186096	0.169377147	0.085569963	0
3	2.939420577	2.817631598	2.809937165	0.121788979	0.129483412	0
4	2.74955245	2.715578563	2.557747197	0.033973887	0.191805254	2
5	2.300383826	2.295199753	2.023868832	0.005184073	0.276514994	2
6	2.871320744	2.775277541	2.756171863	0.096043202	0.115148881	2
7	2.112937256	2.046331486	1.880053311	0.06660577	0.232883945	2
8	2.926690954	2.675811475	2.408091789	0.250879479	0.518599165	1
9	2.241367534	2.153709134	1.98976938	0.0876584	0.251598154	1
10	1.954570469	1.91001032	1.68614618	0.044560149	0.268424289	1
11	2.459458209	2.339945112	2.138729615	0.119513097	0.320728595	1
12	2.058954613	2.181809878	1.989719711	-0.122855265	0.069234902	1
13	1.93703935	1.994750421	1.965084094	-0.057711071	-0.028044744	2
14	2.181583402	2.1558874	1.952764831	0.025696001	0.228818571	1
15	2.106313312	2.034619256	1.769429619	0.071694056	0.336883693	1
16	1.915267656	1.908815241	1.836026922	0.006452415	0.079240734	1
17	2.363880809	2.065400064	1.905961004	0.298480745	0.457919805	1
18	2.079964313	1.907598697	1.884064646	0.172365617	0.195899667	2
19	1.653558005	1.714206422	1.958818484	-0.060648417	-0.305260479	0
20	2.243233071	2.278365688	2.15562896	-0.035132617	0.087604111	2
21	2.86878871	2.80819597	2.559727787	0.06059274	0.309060923	1
22	2.150598616	2.121997056	1.982687046	0.028601561	0.16791157	0
23	2.308141251	2.053780493	2.064412563	0.254360758	0.243728688	0
24	2.895512193	2.903071103	2.799792416	-0.00755891	0.095719777	0
25	2.251218442	2.144747842	1.945394227	0.106470601	0.305824216	1
26	2.405130712	2.325070757	2.476234281	0.080059955	-0.07110357	0
27	2.160945579	2.141191547	2.056081	0.019754032	0.104864579	2
28	3.210155426	2.928751606	2.725294246	0.28140382	0.48486118	1
29	2.015535113	1.989904191	2.007692041	0.025630922	0.007843072	2
30	2.158118807	1.991129424	1.901775857	0.166989383	0.25634295	1
31	2.059086595	1.976112047	1.95882275	0.082974549	0.100263845	0
32	2.32427554	2.236717468	2.003359925	0.087558072	0.320915614	0
33	2.447296409	2.139137828	2.248662933	0.308158581	0.198633476	0
34	4.345466182	4.227714871	3.884239931	0.117751311	0.461226251	1
35	2.059696281	2.265470215	2.049139369	-0.205773934	0.010556913	2
36	2.121838038	2.080760028	2.131668434	0.041078009	-0.009830396	1];