data_accin = [0.433333333	0.833333333	0.733333333	0.866666667	0.9	0.433333333	0.633333333	0.666666667	0.716666667	0.753333333	0.55	0.363636364	0	0.45	20	0.432432432	0.3125	0.081081081	0.486486486	37
0.7	0.966666667	0.933333333	1	0.866666667	0.7	0.833333333	0.866666667	0.9	0.893333333	0.714285714	0.2	0	0.285714286	7	0.5625	0.111111111	0.0625	0.375	16
0.966666667	1	0.966666667	1	1	0.966666667	0.983333333	0.977777778	0.983333333	0.986666667	0	0	0	1	1	0.5	0	0	0.5	2
0.966666667	1	0.966666667	0.966666667	1	0.966666667	0.983333333	0.977777778	0.975	0.98	1	0	0	0	2	1	0	0	0	3
0.9	0.966666667	0.933333333	1	1	0.9	0.933333333	0.933333333	0.95	0.96	0.666666667	0	0	0.333333333	3	0.666666667	0	0	0.333333333	6
0.933333333	1	1	1	1	0.933333333	0.966666667	0.977777778	0.983333333	0.986666667	0	0	0	0	0	0.5	0	0	0.5	2
0.933333333	1	1	1	1	0.933333333	0.966666667	0.977777778	0.983333333	0.986666667	0	0	0	0	0	0	0	0	1	2
0.866666667	1	1	1	1	0.866666667	0.933333333	0.955555556	0.966666667	0.973333333	0	0	0	0	0	0	0	0	0	0
0.866666667	1	1	1	1	0.866666667	0.933333333	0.955555556	0.966666667	0.973333333	0	0	0	0	0	0	0	0.25	0.75	4
0.9	1	1	1	1	0.9	0.95	0.966666667	0.975	0.98	0	0	0	0	0	0.333333333	0	0.333333333	0.333333333	3
0.9	1	0.966666667	1	1	0.9	0.95	0.955555556	0.966666667	0.973333333	1	0	0	0	1	0.75	0	0	0.25	4
0.933333333	0.966666667	1	0.966666667	1	0.933333333	0.95	0.966666667	0.966666667	0.973333333	0	0	0	1	2	0.25	1	0	0.75	4
0.8	0.966666667	0.966666667	1	0.966666667	0.8	0.883333333	0.911111111	0.933333333	0.94	0.666666667	0	0	0.333333333	3	0.444444444	0	0	0.555555556	9
0.233333333	0.433333333	0.466666667	0.966666667	0.966666667	0.233333333	0.333333333	0.377777778	0.525	0.613333333	0.4	0.214285714	0.085714286	0.514285714	35	0.396551724	0.173913043	0.103448276	0.5	58
0.766666667	0.9	1	1	1	0.766666667	0.833333333	0.888888889	0.916666667	0.933333333	0.333333333	1	0	0.666666667	3	0.2	0.5	0	0.8	10
1	1	1	1	1	1	1	1	1	1	0	0	0	0	0	0	0	0	0	0
0.966666667	1	1	0.966666667	1	0.966666667	0.983333333	0.988888889	0.983333333	0.986666667	1	1	0	0	1	0.5	1	0	0.5	2
0.966666667	1	1	1	1	0.966666667	0.983333333	0.988888889	0.991666667	0.993333333	0	0	0	0	0	0	0	0	1	1
0.666666667	0.966666667	0.933333333	1	0.933333333	0.666666667	0.816666667	0.855555556	0.891666667	0.9	1	0.4	0	0	5	0.666666667	0.2	0	0.333333333	15
0.833333333	1	1	1	1	0.833333333	0.916666667	0.944444444	0.958333333	0.966666667	0	0	0	0	0	0.6	0.333333333	0	0.4	5
0.333333333	0.366666667	0.4	0.7	0.7	0.333333333	0.35	0.366666667	0.45	0.5	0.436363636	0.041666667	0.127272727	0.436363636	55	0.413333333	0.064516129	0.133333333	0.453333333	75
0.733333333	0.8	0.933333333	0.9	1	0.733333333	0.766666667	0.822222222	0.841666667	0.873333333	0.454545455	0.4	0.090909091	0.454545455	11	0.315789474	0.333333333	0.105263158	0.578947368	19
0.766666667	0.766666667	0.766666667	0.833333333	0.9	0.766666667	0.766666667	0.766666667	0.783333333	0.806666667	0.272727273	0.166666667	0.090909091	0.636363636	22	0.310344828	0.222222222	0.103448276	0.586206897	29
0.933333333	1	0.966666667	0.966666667	1	0.933333333	0.966666667	0.966666667	0.966666667	0.973333333	0.5	0	0.5	0	2	0.25	0	0.5	0.25	4
1	1	1	1	1	1	1	1	1	1	0	0	0	0	0	0	0	0	0	0
0.9	0.966666667	0.966666667	1	1	0.9	0.933333333	0.944444444	0.958333333	0.966666667	0.5	1	0	0.5	2	0.4	0.5	0	0.6	5
1	1	1	1	1	1	1	1	1	1	0	0	0	0	0	0	0	0	0	0
0.833333333	0.866666667	0.866666667	0.966666667	1	0.833333333	0.85	0.855555556	0.883333333	0.906666667	0.444444444	0.25	0.222222222	0.333333333	9	0.5	0.428571429	0.142857143	0.357142857	14
0.966666667	0.966666667	1	1	0.966666667	0.966666667	0.966666667	0.977777778	0.983333333	0.98	0	0	0	1	2	0.333333333	0	0	0.666666667	3
0.366666667	0.666666667	0.766666667	0.766666667	0.666666667	0.366666667	0.516666667	0.6	0.641666667	0.646666667	0.441176471	0.066666667	0.058823529	0.5	34	0.41509434	0.136363636	0.056603774	0.528301887	53
0.6	0.766666667	0.666666667	0.8	0.933333333	0.6	0.683333333	0.677777778	0.708333333	0.753333333	0.4	0.2	0.12	0.48	25	0.378378378	0.142857143	0.162162162	0.459459459	37
0.9	1	1	1	1	0.9	0.95	0.966666667	0.975	0.98	0	0	0	0	0	0.666666667	0	0	0.333333333	3
0.933333333	0.966666667	1	1	1	0.933333333	0.95	0.966666667	0.975	0.98	1	0	0	0	1	0.666666667	0	0	0.333333333	3
0.9	1	1	1	0.966666667	0.9	0.95	0.966666667	0.975	0.973333333	0	0	0	1	1	0.5	0	0	0.5	4
0.866666667	1	1	1	1	0.866666667	0.933333333	0.955555556	0.966666667	0.973333333	0	0	0	0	0	0.25	0	0.5	0.25	4
0.766666667	0.9	0.966666667	1	1	0.766666667	0.833333333	0.877777778	0.908333333	0.926666667	0.75	0.333333333	0	0.25	4	0.454545455	0.4	0.090909091	0.454545455	11
0.7	0.966666667	0.966666667	0.966666667	0.966666667	0.7	0.833333333	0.877777778	0.9	0.913333333	0	0	0.25	0.75	4	0.153846154	0	0.076923077	0.769230769	13
0.866666667	0.966666667	1	1	1	0.866666667	0.916666667	0.944444444	0.958333333	0.966666667	1	0	0	0	1	0.4	0	0.2	0.4	5
0.933333333	1	0.966666667	1	1	0.933333333	0.966666667	0.966666667	0.975	0.98	0	0	0	1	1	0.333333333	0	0	0.666666667	3];