data_pos = [0.833333333	0.770833333	1	0.85	3.654122323	2.536356903	3.076214791	-0.577907532	0.539857888
0.941666667	0.895833333	1	0.966666667	4.458585118	4.792933558	5.201123324	0.742538206	0.408189766
0.991666667	1	1	0.983333333	3.001561891	2.456884283	2.803034398	-0.198527493	0.346150114
0.983333333	0.958333333	1	1	2.818391067	3.011613448	3.071970205	0.253579137	0.060356757
0.975	0.958333333	1	0.983333333	2.988600747	2.994461364	3.309803572	0.321202825	0.315342208
1	1	1	1	3.587578466	3.835787503	4.101510398	0.513931932	0.265722895
1	1	1	1	2.876638487	3.015036633	2.775128446	-0.101510041	-0.239908187
1	1	1	1	3.010112535	2.716093629	2.601758835	-0.4083537	-0.114334794
1	1	1	1	3.589896533	3.344249036	3.255788977	-0.334107556	-0.088460058
1	1	1	1	3.584560179	3.483440115	3.575880398	-0.008679781	0.092440282
0.991666667	0.979166667	1	1	2.585609433	2.627278503	2.584897219	-0.000712215	-0.042381284
0.983333333	1	1	0.966666667	3.118480111	2.722978728	2.919679665	-0.198800447	0.196700937
0.975	0.958333333	1	0.983333333	5.200589733	6.334949529	5.035650272	-0.164939461	-1.299299257
0.708333333	0.708333333	0.75	0.7	4.022171447	2.556534405	3.740952356	-0.281219092	1.184417951
0.975	0.979166667	1	0.966666667	2.943519178	2.261505642	2.90890156	-0.034617618	0.647395918
1	1	1	1	2.680062017	2.578968996	2.833754041	0.153692024	0.254785045
0.991666667	0.979166667	1	1	2.186402199	2.264215039	2.209919806	0.023517607	-0.054295233
1	1	1	1	3.4146143	3.541239275	2.828876985	-0.585737315	-0.71236229
0.958333333	0.895833333	1	1	5.546315894	5.173902529	5.282584882	-0.263731013	0.108682353
1	1	1	1	2.898648101	2.556383523	3.102474613	0.203826512	0.54609109
0.541666667	0.5	0.416666667	0.6	5.642717203	5.887099413	4.903019162	-0.739698041	-0.984080251
0.908333333	0.895833333	0.916666667	0.916666667	3.246263651	3.901018652	3.460122039	0.213858389	-0.440896613
0.816666667	0.875	0.833333333	0.766666667	5.335397414	3.190041533	4.801192928	-0.534204486	1.611151396
0.983333333	0.979166667	0.916666667	1	3.371619161	2.861887793	3.196249885	-0.175369277	0.334362092
1	1	1	1	2.215975195	2.602472425	2.371031173	0.155055979	-0.231441252
0.983333333	0.979166667	1	0.983333333	3.801603981	4.646759952	4.289388211	0.48778423	-0.357371741
1	1	1	1	2.740486133	2.492996235	2.604980074	-0.13550606	0.111983839
0.925	0.916666667	0.833333333	0.95	6.304503884	5.404286621	6.591683257	0.287179373	1.187396636
0.983333333	1	1	0.966666667	3.094817745	2.278782585	3.271740518	0.176922773	0.992957933
0.716666667	0.6875	0.833333333	0.716666667	5.074033395	4.34576122	4.832710235	-0.24132316	0.486949015
0.791666667	0.791666667	0.75	0.8	3.921376345	3.885985008	3.993880957	0.072504612	0.107895949
1	1	1	1	2.993377062	3.31297008	3.158566751	0.165189689	-0.15440333
0.991666667	0.979166667	1	1	3.675319939	3.193415393	3.525011655	-0.150308284	0.331596261
0.991666667	1	1	0.983333333	2.900934745	2.460195361	2.624364219	-0.276570527	0.164168858
1	1	1	1	3.599842468	3.719005469	3.519796318	-0.08004615	-0.199209151
0.966666667	0.9375	1	0.983333333	3.594819343	3.046659821	3.518762415	-0.076056928	0.472102594
0.966666667	1	0.916666667	0.95	4.165439228	4.030597994	3.46604186	-0.699397368	-0.564556133
0.991666667	0.979166667	1	1	3.655470532	3.047391953	3.387648819	-0.267821713	0.340256866
0.991666667	1	1	0.983333333	2.489285105	2.683066969	2.721706134	0.232421029	0.038639165];