data_invert = [1	0.738888889	2.101618242	2.819767414	3.612828543	2.202336001	2.609924124	3.997742074	2.155460951	2.6376	3.582136536	-0.100717759	0.20984329	-0.384913531	-0.053842709	0.182167414	0.030692007
2	0.716666667	2.723942501	3.601267796	4.194265354	2.81430677	3.489614647	4.326684794	3.161734603	3.540989543	4.307182479	-0.090364269	0.111653149	-0.13241944	-0.437792102	0.060278253	-0.112917125
3	0.836111111	2.443913756	2.968280297	4.183665463	2.512269128	2.953905173	3.50230735	2.327497302	2.724220637	3.760349671	-0.068355372	0.014375124	0.681358113	0.116416454	0.24405966	0.423315792
4	0.480555556	4.794067406	6.567293267	10.88862474	4.502495662	6.606063622	10.47795154	4.431319882	7.497823149	9.127102677	0.291571743	-0.038770355	0.410673208	0.362747524	-0.930529883	1.761522068
5	0.894444444	2.217204192	2.664950834	3.692754411	2.108417186	2.69367228	3.745947081	2.191220791	2.615007402	3.63325238	0.108787007	-0.028721446	-0.053192669	0.025983401	0.049943432	0.059502032
6	0.761111111	2.06604575	2.761857567	3.763708015	1.997774259	2.772987652	3.551707524	2.23522862	2.855067223	3.526266436	0.068271492	-0.011130085	0.212000491	-0.169182869	-0.093209656	0.237441579
7	0.558333333	3.846834143	5.773678896	7.792168748	4.156747883	5.341097618	8.19790231	3.679701219	6.451930743	7.70713726	-0.309913741	0.432581278	-0.405733562	0.167132924	-0.678251847	0.085031488
8	0.822222222	2.138430903	3.094428981	3.491717236	2.296899556	2.893254046	4.410453955	2.061547877	2.906143966	3.815459849	-0.158468652	0.201174935	-0.918736719	0.076883026	0.188285015	-0.323742613
9	0.722222222	2.535700817	3.578699013	5.26065864	2.556762	3.359041421	5.512851888	2.571413896	4.067031373	5.38634853	-0.021061183	0.219657592	-0.252193248	-0.035713079	-0.48833236	-0.12568989
10	0.708333333	2.506046321	3.370817426	4.358548478	2.661231246	3.605863932	5.031651177	2.645258721	3.576180902	4.521020462	-0.155184925	-0.235046506	-0.673102699	-0.139212399	-0.205363475	-0.162471985
11	0.95	2.123902336	2.732563533	3.710374845	2.063045926	2.448808144	3.696926857	2.078086233	2.71459266	3.62459139	0.06085641	0.283755389	0.013447988	0.045816103	0.017970873	0.085783455
12	0.919444444	3.707851091	4.483189094	7.089722432	3.618452491	5.149648142	8.104667588	3.423169111	4.448627776	6.423362106	0.0893986	-0.666459048	-1.014945156	0.284681981	0.034561318	0.666360326
13	0.644444444	2.396791011	2.642601288	3.659253864	2.086485056	3.148858617	3.021247895	2.701799415	2.790795364	2.959699431	0.310305955	-0.506257329	0.638005969	-0.305008404	-0.148194076	0.699554433
14	0.561111111	2.360599569	3.11333801	4.255184132	3.084613172	2.615796891	3.926382183	2.491237461	3.159997109	5.004802427	-0.724013604	0.497541119	0.32880195	-0.130637893	-0.046659098	-0.749618295
15	0.658333333	3.262981988	4.273422397	5.774187196	3.088279154	4.739649196	6.133383651	3.076835662	3.924485737	6.522345754	0.174702834	-0.466226798	-0.359196455	0.186146325	0.348936661	-0.748158558
16	0.433333333	1.860246438	2.272364895	2.401784115	1.975267015	2.635828023	2.032725831	2.147073821	2.337661504	2.842852852	-0.115020577	-0.363463128	0.369058284	-0.286827383	-0.06529661	-0.441068738
17	0.919444444	2.416579311	3.252399353	3.95705276	2.566431202	3.211326925	3.847923804	2.677094961	3.426749805	4.331168909	-0.149851892	0.041072428	0.109128955	-0.26051565	-0.174350452	-0.37411615
18	0.858333333	2.457652732	2.769438482	4.760587464	2.424038609	3.21997691	4.370990857	2.246383502	2.700630711	3.73024637	0.033614123	-0.450538428	0.389596607	0.21126923	0.068807771	1.030341094
19	0.947222222	2.41778469	3.198669979	5.158054146	2.590138296	3.205325126	4.286909429	2.342903612	2.709133245	4.150910121	-0.172353607	-0.006655147	0.871144717	0.074881078	0.489536734	1.007144025
20	0.813888889	2.524786358	2.922935424	3.746478008	2.226541704	3.051413751	3.609427093	2.472582363	2.891574135	4.410216752	0.298244654	-0.128478327	0.137050915	0.052203995	0.031361289	-0.663738744
21	0.977777778	1.643960959	2.150193784	2.969919314	1.865413826	2.289419316	2.939495715	1.838636806	2.129542234	2.712611359	-0.221452867	-0.139225532	0.030423599	-0.194675847	0.02065155	0.257307955
22	0.488888889	2.380308706	3.368802572	3.719781569	2.534180657	2.72627371	3.376446663	2.219752697	3.091466123	2.968487155	-0.15387195	0.642528862	0.343334905	0.160556009	0.277336449	0.751294414
23	0.930555556	3.090960179	3.524851535	4.895329367	2.762528117	3.397997631	4.340760618	3.033337839	3.38769786	4.025610202	0.328432062	0.126853904	0.55456875	0.05762234	0.137153675	0.869719165
24	0.997222222	1.959649599	2.445012531	3.108261064	1.805999463	2.324747227	3.134271006	1.816683427	2.121046518	2.694703337	0.153650135	0.120265304	-0.026009942	0.142966172	0.323966014	0.413557726
25	0.975	2.891312042	3.496468007	4.878711058	2.51394652	2.875370307	5.396801534	2.481246984	3.487065085	4.63182607	0.377365522	0.6210977	-0.518090476	0.410065057	0.009402922	0.246884988
26	0.911111111	2.61580556	4.13137376	6.718395873	2.9389656	4.483608138	5.842562035	2.822828091	3.870195468	6.885805506	-0.32316004	-0.352234378	0.875833838	-0.207022531	0.261178293	-0.167409632
27	0.83611111	3.84368436	5.80012694	7.98186018	4.30215721	6.24252787	9.13940717	3.90374896	6.25905722	7.23844558	-0.458472857	-0.442400929	-1.157546986	-0.0600646	-0.4589303	0.74341461
28	0.65555556	3.41487718	3.89045079	4.65053633	3.12914423	4.02764531	5.24894658	3.08939714	3.49557789	6.04872253	0.285732952	-0.137194521	-0.598410246	0.32548004	0.3948729	-1.3981862
29	0.98611111	2.05432102	2.49774618	2.99688742	1.78633985	2.29450928	2.98781778	1.8743966	2.14687033	2.93490378	0.26798117	0.203236908	0.009069636	0.17992441	0.35087585	0.06198364
30	0.411111111	2.708160624	2.833879517	2.965100109	2.614017026	2.952049	3.382575632	2.767728986	2.525809702	2.618825018	0.094143598	-0.118169482	-0.417475523	-0.059568362	0.308069815	0.34627509
31	0.905555556	2.346227551	3.12274148	5.203160475	2.516841204	3.451962981	4.76903467	2.39767594	3.179112335	4.588855914	-0.170613652	-0.3292215	0.434125805	-0.051448389	-0.056370854	0.614304561
32	0.97777778	2.65822316	3.49508409	5.4223448	2.37264722	3.80507656	5.31927111	2.82105935	3.28596416	5.3919545	0.285575938	-0.309992468	0.103073691	-0.16283619	0.20911992	0.0303903
33	0.791666667	2.859175522	3.797097016	4.582144173	2.62458905	3.502418263	3.972805184	2.753678475	3.209355605	3.931422532	0.234586472	0.294678753	0.609338989	0.105497047	0.587741411	0.650721641
34	0.783333333	3.173892897	5.167582078	8.532435213	3.646853358	5.323791903	6.750910775	3.346700227	4.923139578	9.446398797	-0.47296046	-0.156209825	1.781524438	-0.172807329	0.2444425	-0.913963584
35	0.563888889	1.888608456	2.583117786	2.829348174	1.980463136	2.407303534	2.720127745	2.001423325	2.206625468	2.947753081	-0.09185468	0.175814252	0.109220428	-0.112814869	0.376492318	-0.118404907
36	0.872222222	2.944402276	4.747821201	6.521559389	2.630675782	4.035831756	7.045852887	3.187683213	4.067400485	7.525264513	0.313726494	0.711989445	-0.524293497	-0.243280937	0.680420716	-1.003705123
37	0.975	2.492146689	3.447688417	5.345240191	2.596160335	3.392377785	5.996294742	2.461686948	2.857265934	4.909457417	-0.104013646	0.055310632	-0.651054551	0.030459741	0.590422483	0.435782774
38	0.911111111	2.242111205	3.278795519	4.988158694	2.074371407	3.517476587	4.660513894	2.043591503	3.072760939	4.066051058	0.167739798	-0.238681068	0.3276448	0.198519702	0.20603458	0.922107636];